896
960
1024
1088
1152
1216
1280
0
448
64
512
128
576
192
640
256
704
320
768
384
832
2689
897
961
1025
1089
1153
1217
3137
1
449
65
513
129
577
193
641
257
705
321
769
385
2754
2690
898
962
1026
1090
1154
3138
2
450
3202
66
514
130
578
194
642
258
706
322
386
2819
2755
2691
899
963
1027
1091
3139
3
451
3203
67
515
3267
131
579
195
643
259
323
387
2884
2820
2756
2692
900
964
1028
3140
4
452
3204
68
516
3268
132
580
3332
196
260
324
388
2949
2885
2821
2757
2693
901
965
3141
5
453
3205
69
517
3269
133
3333
197
3397
261
325
389
3014
2950
2886
2822
2758
2694
902
3142
6
454
3206
70
3270
134
3334
198
3398
262
3462
326
390
3079
3015
2951
2887
2823
2759
2695
3143
7
3207
71
3271
135
3335
199
3399
263
3463
327
3527
391
1800
1352
904
968
1032
1096
1160
1224
1288
8
456
72
520
136
584
200
648
264
712
328
776
2249
1801
1353
2697
905
969
1033
1097
1161
1225
3145
9
457
73
521
137
585
201
649
265
713
329
777
2250
1802
1354
2762
2698
906
970
1034
1098
1162
3146
10
458
3210
74
522
138
586
202
650
266
714
330
2251
1803
1355
2827
2763
2699
907
971
1035
1099
3147
11
459
3211
75
523
3275
139
587
203
651
267
331
2252
1804
1356
2892
2828
2764
2700
908
972
1036
3148
12
460
3212
76
524
3276
140
588
3340
204
268
332
2253
1805
1357
2957
2893
2829
2765
2701
909
973
3149
13
461
3213
77
525
3277
141
3341
205
3405
269
333
2254
1806
1358
3022
2958
2894
2830
2766
2702
910
3150
14
462
3214
78
3278
142
3342
206
3406
270
3470
334
2255
1807
3087
3023
2959
2895
2831
2767
2703
3151
15
3215
79
3279
143
3343
207
3407
271
3471
335
1872
1424
1808
1360
912
976
1040
1104
1168
1232
1296
16
464
80
528
144
592
208
656
272
720
1873
1425
2257
1809
1361
2705
913
977
1041
1105
1169
1233
3153
17
465
81
529
145
593
209
657
273
721
2322
1874
1426
2258
1810
1362
2770
2706
914
978
1042
1106
1170
3154
18
466
3218
82
530
146
594
210
658
274
722
2323
1875
1427
2259
1811
1363
2835
2771
2707
915
979
1043
1107
3155
19
467
3219
83
531
3283
147
595
211
659
275
2324
1876
1428
2260
1812
1364
2900
2836
2772
2708
916
980
1044
3156
20
468
3220
84
532
3284
148
596
3348
212
276
2325
1877
1429
2261
1813
1365
2965
2901
2837
2773
2709
917
981
3157
21
469
3221
85
533
3285
149
3349
213
3413
277
2326
1878
2262
1814
1366
3030
2966
2902
2838
2774
2710
918
3158
22
470
3222
86
3286
150
3350
214
3414
278
2327
1879
2263
1815
3095
3031
2967
2903
2839
2775
2711
3159
23
3223
87
3287
151
3351
215
3415
279
1944
1496
1880
1432
1816
1368
920
984
1048
1112
1176
1240
1304
24
472
88
536
152
600
216
664
1945
1497
1881
1433
2265
1817
1369
2713
921
985
1049
1113
1177
1241
3161
25
473
89
537
153
601
217
665
1946
1498
2330
1882
1434
2266
1818
1370
2778
2714
922
986
1050
1114
1178
3162
26
474
3226
90
538
154
602
218
666
2395
1947
1499
2331
1883
1435
2267
1819
1371
2843
2779
2715
923
987
1051
1115
3163
27
475
3227
91
539
3291
155
603
219
667
2396
1948
1500
2332
1884
1436
2268
1820
1372
2908
2844
2780
2716
924
988
1052
3164
28
476
3228
92
540
3292
156
604
3356
220
2397
1949
2333
1885
1437
2269
1821
1373
2973
2909
2845
2781
2717
925
989
3165
29
477
3229
93
541
3293
157
3357
221
2398
1950
2334
1886
2270
1822
1374
3038
2974
2910
2846
2782
2718
926
3166
30
478
3230
94
3294
158
3358
222
2399
1951
2335
1887
2271
1823
3103
3039
2975
2911
2847
2783
2719
3167
31
3231
95
3295
159
3359
223
2016
1568
1952
1504
1888
1440
1824
1376
928
992
1056
1120
1184
1248
1312
32
480
96
544
160
608
2017
1569
1953
1505
1889
1441
2273
1825
1377
2721
929
993
1057
1121
1185
1249
3169
33
481
97
545
161
609
2018
1570
1954
1506
2338
1890
1442
2274
1826
1378
2786
2722
930
994
1058
1122
1186
3170
34
482
3234
98
546
162
610
2019
1571
2403
1955
1507
2339
1891
1443
2275
1827
1379
2851
2787
2723
931
995
1059
1123
3171
35
483
3235
99
547
3299
163
611
2468
2020
2404
1956
1508
2340
1892
1444
2276
1828
1380
2916
2852
2788
2724
932
996
1060
3172
36
484
3236
100
548
3300
164
612
2469
2021
2405
1957
2341
1893
1445
2277
1829
1381
2981
2917
2853
2789
2725
933
997
3173
37
485
3237
101
549
3301
165
2470
2022
2406
1958
2342
1894
2278
1830
1382
3046
2982
2918
2854
2790
2726
934
3174
38
486
3238
102
3302
166
2471
2023
2407
1959
2343
1895
2279
1831
3111
3047
2983
2919
2855
2791
2727
3175
39
3239
103
3303
167
2088
1640
2024
1576
1960
1512
1896
1448
1832
1384
936
1000
1064
1128
1192
1256
1320
40
488
104
552
2089
1641
2025
1577
1961
1513
1897
1449
2281
1833
1385
2729
937
1001
1065
1129
1193
1257
3177
41
489
105
553
2090
1642
2026
1578
1962
1514
2346
1898
1450
2282
1834
1386
2794
2730
938
1002
1066
1130
1194
3178
42
490
3242
106
554
2091
2027
1579
2411
1963
1515
2347
1899
1451
2283
1835
1387
2859
2795
2731
939
1003
1067
1131
3179
43
491
3243
107
555
2092
2476
2028
2412
1964
1516
2348
1900
1452
2284
1836
1388
2924
2860
2796
2732
940
1004
1068
3180
44
492
3244
108
556
2541
2093
2477
2029
2413
1965
2349
1901
1453
2285
1837
1389
2989
2925
2861
2797
2733
941
1005
3181
45
493
3245
109
557
2542
2094
2478
2030
2414
1966
2350
1902
2286
1838
1390
3054
2990
2926
2862
2798
2734
942
3182
46
494
3246
110
2543
2095
2479
2031
2415
1967
2351
1903
2287
1839
3119
3055
2991
2927
2863
2799
2735
3183
47
3247
111
2160
1712
2096
1648
2032
1584
1968
1520
1904
1456
1840
1392
944
1008
1072
1136
1200
1264
1328
48
496
2161
1713
2097
1649
2033
1585
1969
1521
1905
1457
2289
1841
1393
2737
945
1009
1073
1137
1201
1265
3185
49
497
2162
2098
1650
2034
1586
1970
1522
2354
1906
1458
2290
1842
1394
2802
2738
946
1010
1074
1138
1202
3186
50
498
2163
2099
2035
1587
2419
1971
1523
2355
1907
1459
2291
1843
1395
2867
2803
2739
947
1011
1075
1139
3187
51
499
2164
2100
2484
2036
2420
1972
1524
2356
1908
1460
2292
1844
1396
2932
2868
2804
2740
948
1012
1076
3188
52
500
2165
2549
2101
2485
2037
2421
1973
2357
1909
1461
2293
1845
1397
2997
2933
2869
2805
2741
949
1013
3189
53
501
2614
2166
2550
2102
2486
2038
2422
1974
2358
1910
2294
1846
1398
3062
2998
2934
2870
2806
2742
950
3190
54
502
2615
2167
2551
2103
2487
2039
2423
1975
2359
1911
2295
1847
3127
3063
2999
2935
2871
2807
2743
3191
55
2232
1784
2168
1720
2104
1656
2040
1592
1976
1528
1912
1464
1848
1400
952
1016
1080
1144
1208
1272
1336
2233
2169
1721
2105
1657
2041
1593
1977
1529
1913
1465
2297
1849
1401
2745
953
1017
1081
1145
1209
1273
2234
2170
2106
1658
2042
1594
1978
1530
2362
1914
1466
2298
1850
1402
2810
2746
954
1018
1082
1146
1210
2235
2171
2107
2043
1595
2427
1979
1531
2363
1915
1467
2299
1851
1403
2875
2811
2747
955
1019
1083
1147
2236
2172
2108
2492
2044
2428
1980
1532
2364
1916
1468
2300
1852
1404
2940
2876
2812
2748
956
1020
1084
2237
2173
2557
2109
2493
2045
2429
1981
2365
1917
1469
2301
1853
1405
3005
2941
2877
2813
2749
957
1021
2238
2622
2174
2558
2110
2494
2046
2430
1982
2366
1918
2302
1854
1406
3070
3006
2942
2878
2814
2750
958
2687
2239
2623
2175
2559
2111
2495
2047
2431
1983
2367
1919
2303
1855
3135
3071
3007
2943
2879
2815
2751
3648
3584
3649
4033
3585
3970
3650
4034
3586
3971
3651
4035
3587
3972
3652
4036
3588
3973
3653
4037
3589
3974
4038
3590
3975
4039
3720
3656
3592
3721
3657
4041
3593
3914
3722
3978
3658
4042
3594
3915
3723
3979
3659
4043
3595
3916
3724
3980
3660
4044
3596
3917
3725
3981
3661
4045
3597
3918
3982
4046
3598
3919
3983
4047
3792
3728
3664
3600
3857
3793
3729
3665
4049
3601
3858
3794
3922
3730
3986
3666
4050
3602
3859
3795
3923
3731
3987
3667
4051
3603
3860
3796
3924
3732
3988
3668
4052
3604
3861
3797
3925
3733
3989
3669
4053
3605
3862
3798
3926
3990
4054
3606
3863
3927
3991
4055
3800
3736
3672
3608
3865
3801
3737
3673
4057
3609
3866
3802
3930
3738
3994
3674
4058
3610
3867
3803
3931
3739
3995
3675
4059
3611
3868
3804
3932
3740
3996
3676
4060
3612
3869
3805
3933
3741
3997
3677
4061
3613
3870
3806
3934
3998
4062
3614
3871
3935
3999
4063
3808
3744
3680
3616
3873
3809
3745
3681
4065
3617
3874
3810
3938
3746
4002
3682
4066
3618
3875
3811
3939
3747
4003
3683
4067
3619
3876
3812
3940
3748
4004
3684
4068
3620
3877
3813
3941
3749
4005
3685
4069
3621
3878
3814
3942
4006
4070
3622
3879
3943
4007
4071
3816
3752
3688
3624
3881
3817
3753
3689
4073
3625
3882
3818
3946
3754
4010
3690
4074
3626
3883
3819
3947
3755
4011
3691
4075
3627
3884
3820
3948
3756
4012
3692
4076
3628
3885
3821
3949
3757
4013
3693
4077
3629
3886
3822
3950
4014
4078
3630
3887
3951
4015
4079
3824
3760
3696
3889
3825
3761
3697
3890
3826
3954
3762
4018
3698
3891
3827
3955
3763
4019
3699
3892
3828
3956
3764
4020
3700
3893
3829
3957
3765
4021
3701
3894
3830
3958
4022
3895
3959
4023
3832
3768
3897
3833
3769
3898
3834
3962
3770
3899
3835
3963
3771
3900
3836
3964
3772
3901
3837
3965
3773
3902
3838
3966
3903
3967
48
496
3185
49
497
3186
50
498
3187
51
499
3188
52
500
3189
53
501
3190
54
502
3191
55
4336
4528
4145
4337
4529
4146
4338
4530
4147
4339
4531
4148
4340
4532
4149
4341
4533
4150
4342
4534
4151
4343
4400
4592
4209
4401
4593
4210
4402
4594
4211
4403
4595
4212
4404
4596
4213
4405
4597
4214
4406
4598
4215
4407
4464
4656
4273
4465
4657
4274
4466
4658
4275
4467
4659
4276
4468
4660
4277
4469
4661
4278
4470
4662
4279
4471
