0 0 -1 -1
0 1 -1 -1
0 2 -1 -1
0 3 -1 -1
0 -1 -1 -1
0 -1 -1 -1
0 -1 -1 -1
0 -1 -1 -1
0 -1 -1 -1
0 -1 -1 -1
0 -1 -1 -1
0 -1 -1 -1
0 -1 -1 -1
0 -1 -1 -1
0 -1 -1 -1
0 -1 -1 -1
0 -1 -1 -1
0 -1 -1 -1
0 -1 -1 -1
0 -1 -1 -1
0 -1 -1 -1
0 -1 -1 -1
0 -1 -1 -1
0 -1 -1 -1
0 -1 -1 -1
0 -1 -1 -1
0 -1 -1 -1
0 -1 -1 -1
0 -1 -1 -1
0 -1 -1 -1
0 -1 -1 -1
0 -1 -1 -1
0 -1 -1 -1
0 -1 -1 -1
0 -1 -1 -1
0 -1 -1 -1
0 -1 -1 -1
0 -1 -1 -1
0 -1 -1 -1
0 -1 -1 -1
0 -1 -1 -1
0 -1 -1 -1
0 -1 -1 -1
0 -1 -1 -1
0 -1 -1 -1
0 -1 -1 -1
0 -1 -1 -1
0 -1 -1 -1
0 -1 -1 -1
0 -1 -1 -1
0 -1 -1 -1
0 -1 -1 -1
0 -1 -1 -1
0 -1 -1 -1
0 -1 -1 -1
0 -1 -1 -1
0 -1 -1 -1
0 -1 -1 -1
0 -1 -1 -1
0 -1 -1 -1
0 -1 -1 -1
0 -1 -1 -1
0 -1 -1 -1
0 -1 -1 -1
0 -1 -1 -1
0 -1 -1 -1
0 -1 -1 -1
0 -1 -1 -1
1 -1 -1 -1
=
0 0 -1 -1
0 1 -1 -1
0 2 -1 -1
0 3 -1 -1
0 4 -1 -1
0 5 -1 -1
0 6 -1 -1
0 7 -1 -1
0 8 -1 -1
0 -1 -1 -1
0 -1 -1 -1
0 -1 -1 -1
0 -1 -1 -1
0 -1 -1 -1
0 -1 -1 -1
0 -1 -1 -1
0 -1 -1 -1
0 -1 0 8
0 -1 -1 -1
0 -1 -1 -1
0 -1 -1 -1
0 -1 -1 -1
0 -1 -1 -1
0 -1 -1 -1
0 -1 -1 -1
0 -1 0 7
0 -1 1 8
0 -1 -1 -1
0 -1 -1 -1
0 -1 -1 -1
0 -1 -1 -1
0 -1 -1 -1
0 -1 -1 -1
0 -1 0 6
0 -1 1 7
0 -1 2 8
0 -1 -1 -1
0 -1 -1 -1
0 -1 -1 -1
0 -1 -1 -1
0 -1 -1 -1
0 -1 -1 -1
0 -1 1 6
0 -1 2 7
0 -1 -1 -1
0 -1 -1 -1
0 -1 -1 -1
0 -1 -1 -1
0 -1 -1 -1
0 -1 -1 -1
0 -1 -1 -1
0 -1 2 6
0 -1 -1 -1
0 -1 -1 -1
0 -1 -1 -1
0 -1 -1 -1
0 -1 -1 -1
0 -1 -1 -1
0 -1 -1 -1
0 -1 0 5
0 -1 -1 -1
0 -1 -1 -1
0 -1 3 8
0 -1 -1 -1
0 -1 -1 -1
0 -1 -1 -1
0 -1 2 3
0 -1 -1 -1
0 -1 -1 -1
0 -1 5 6
0 -1 -1 -1
0 -1 -1 -1
0 -1 -1 -1
0 -1 -1 -1
0 -1 0 2
0 -1 -1 -1
0 -1 -1 -1
0 -1 3 5
0 -1 -1 -1
0 -1 -1 -1
0 -1 6 8
0 -1 2 0
0 -1 -1 -1
0 -1 -1 -1
0 -1 5 3
0 -1 -1 -1
0 -1 -1 -1
0 -1 8 6
0 -1 -1 -1
0 -1 -1 -1
0 -1 -1 -1
0 -1 -1 -1
0 -1 3 2
0 -1 -1 -1
0 -1 -1 -1
0 -1 6 5
0 -1 -1 -1
0 -1 -1 -1
0 -1 -1 -1
0 -1 5 0
0 -1 -1 -1
0 -1 -1 -1
0 -1 8 3
0 -1 -1 -1
0 -1 -1 -1
0 -1 -1 -1
0 -1 -1 -1
0 -1 -1 -1
0 -1 -1 -1
0 -1 -1 -1
0 -1 6 2
0 -1 -1 -1
0 -1 -1 -1
0 -1 -1 -1
0 -1 -1 -1
0 -1 -1 -1
0 -1 -1 -1
0 -1 -1 -1
0 -1 6 1
0 -1 7 2
0 -1 -1 -1
0 -1 -1 -1
0 -1 -1 -1
0 -1 -1 -1
0 -1 -1 -1
0 -1 -1 -1
0 -1 6 0
0 -1 7 1
0 -1 8 2
0 -1 -1 -1
0 -1 -1 -1
0 -1 -1 -1
0 -1 -1 -1
0 -1 -1 -1
0 -1 -1 -1
0 -1 7 0
0 -1 8 1
0 -1 -1 -1
0 -1 -1 -1
0 -1 -1 -1
0 -1 -1 -1
0 -1 -1 -1
0 -1 -1 -1
0 -1 -1 -1
0 -1 8 0
0 -1 -1 -1
0 -1 -1 -1
0 -1 -1 -1
0 -1 -1 -1
0 -1 -1 -1
0 -1 -1 -1
0 -1 -1 -1
0 -1 -1 -1
1 -1 -1 -1
=
0 0 -1 -1
0 1 -1 -1
0 2 -1 -1
0 3 -1 -1
0 4 -1 -1
0 5 -1 -1
0 6 -1 -1
0 7 -1 -1
0 8 -1 -1
0 9 -1 -1
0 10 -1 -1
0 11 -1 -1
0 12 -1 -1
0 13 -1 -1
0 14 -1 -1
0 15 -1 -1
0 -1 -1 -1
0 -1 -1 -1
0 -1 -1 -1
0 -1 -1 -1
0 -1 -1 -1
0 -1 -1 -1
0 -1 -1 -1
0 -1 -1 -1
0 -1 -1 -1
0 -1 -1 -1
0 -1 0 10
0 -1 1 11
0 -1 -1 -1
0 -1 -1 -1
0 -1 4 14
0 -1 5 15
0 -1 -1 -1
0 -1 -1 -1
0 -1 -1 -1
0 -1 -1 -1
0 -1 -1 -1
0 -1 -1 -1
0 -1 -1 -1
0 -1 -1 -1
0 -1 -1 -1
0 -1 0 9
0 -1 1 10
0 -1 2 11
0 -1 -1 -1
0 -1 4 13
0 -1 5 14
0 -1 6 15
0 -1 -1 -1
0 -1 -1 -1
0 -1 -1 -1
0 -1 -1 -1
0 -1 -1 -1
0 -1 -1 -1
0 -1 -1 -1
0 -1 -1 -1
0 -1 0 8
0 -1 1 9
0 -1 2 10
0 -1 3 11
0 -1 4 12
0 -1 5 13
0 -1 6 14
0 -1 7 15
0 -1 -1 -1
0 -1 -1 -1
0 -1 -1 -1
0 -1 -1 -1
0 -1 -1 -1
0 -1 -1 -1
0 -1 -1 -1
0 -1 -1 -1
0 -1 1 8
0 -1 2 9
0 -1 3 10
0 -1 -1 -1
0 -1 5 12
0 -1 6 13
0 -1 7 14
0 -1 -1 -1
0 -1 -1 -1
0 -1 -1 -1
0 -1 -1 -1
0 -1 -1 -1
0 -1 -1 -1
0 -1 -1 -1
0 -1 -1 -1
0 -1 -1 -1
0 -1 2 8
0 -1 3 9
0 -1 -1 -1
0 -1 -1 -1
0 -1 6 12
0 -1 7 13
0 -1 -1 -1
0 -1 -1 -1
0 -1 -1 -1
0 -1 -1 -1
0 -1 -1 -1
0 -1 -1 -1
0 -1 -1 -1
0 -1 -1 -1
0 -1 0 6
0 -1 1 7
0 -1 -1 -1
0 -1 -1 -1
0 -1 4 10
0 -1 5 11
0 -1 -1 -1
0 -1 -1 -1
0 -1 8 14
0 -1 9 15
0 -1 -1 -1
0 -1 -1 -1
0 -1 -1 -1
0 -1 -1 -1
0 -1 2 4
0 -1 3 5
0 -1 -1 -1
0 -1 -1 -1
0 -1 6 8
0 -1 7 9
0 -1 -1 -1
0 -1 -1 -1
0 -1 10 12
0 -1 11 13
0 -1 -1 -1
0 -1 -1 -1
0 -1 -1 -1
0 -1 -1 -1
0 -1 0 2
0 -1 1 3
0 -1 -1 -1
0 -1 -1 -1
0 -1 4 6
0 -1 5 7
0 -1 -1 -1
0 -1 -1 -1
0 -1 8 10
0 -1 9 11
0 -1 -1 -1
0 -1 -1 -1
0 -1 12 14
0 -1 13 15
0 -1 2 0
0 -1 3 1
0 -1 -1 -1
0 -1 -1 -1
0 -1 6 4
0 -1 7 5
0 -1 -1 -1
0 -1 -1 -1
0 -1 10 8
0 -1 11 9
0 -1 -1 -1
0 -1 -1 -1
0 -1 14 12
0 -1 15 13
0 -1 -1 -1
0 -1 -1 -1
0 -1 -1 -1
0 -1 -1 -1
0 -1 4 2
0 -1 5 3
0 -1 -1 -1
0 -1 -1 -1
0 -1 8 6
0 -1 9 7
0 -1 -1 -1
0 -1 -1 -1
0 -1 12 10
0 -1 13 11
0 -1 -1 -1
0 -1 -1 -1
0 -1 -1 -1
0 -1 -1 -1
0 -1 6 0
0 -1 7 1
0 -1 -1 -1
0 -1 -1 -1
0 -1 10 4
0 -1 11 5
0 -1 -1 -1
0 -1 -1 -1
0 -1 14 8
0 -1 15 9
0 -1 -1 -1
0 -1 -1 -1
0 -1 -1 -1
0 -1 -1 -1
0 -1 -1 -1
0 -1 -1 -1
0 -1 -1 -1
0 -1 -1 -1
0 -1 8 2
0 -1 9 3
0 -1 -1 -1
0 -1 -1 -1
0 -1 12 6
0 -1 13 7
0 -1 -1 -1
0 -1 -1 -1
0 -1 -1 -1
0 -1 -1 -1
0 -1 -1 -1
0 -1 -1 -1
0 -1 -1 -1
0 -1 -1 -1
0 -1 -1 -1
0 -1 8 1
0 -1 9 2
0 -1 10 3
0 -1 -1 -1
0 -1 12 5
0 -1 13 6
0 -1 14 7
0 -1 -1 -1
0 -1 -1 -1
0 -1 -1 -1
0 -1 -1 -1
0 -1 -1 -1
0 -1 -1 -1
0 -1 -1 -1
0 -1 -1 -1
0 -1 8 0
0 -1 9 1
0 -1 10 2
0 -1 11 3
0 -1 12 4
0 -1 13 5
0 -1 14 6
0 -1 15 7
0 -1 -1 -1
0 -1 -1 -1
0 -1 -1 -1
0 -1 -1 -1
0 -1 -1 -1
0 -1 -1 -1
0 -1 -1 -1
0 -1 -1 -1
0 -1 9 0
0 -1 10 1
0 -1 11 2
0 -1 -1 -1
0 -1 13 4
0 -1 14 5
0 -1 15 6
0 -1 -1 -1
0 -1 -1 -1
0 -1 -1 -1
0 -1 -1 -1
0 -1 -1 -1
0 -1 -1 -1
0 -1 -1 -1
0 -1 -1 -1
0 -1 -1 -1
0 -1 10 0
0 -1 11 1
0 -1 -1 -1
0 -1 -1 -1
0 -1 14 4
0 -1 15 5
0 -1 -1 -1
0 -1 -1 -1
0 -1 -1 -1
0 -1 -1 -1
0 -1 -1 -1
0 -1 -1 -1
0 -1 -1 -1
0 -1 -1 -1
0 -1 -1 -1
0 -1 -1 -1
1 -1 -1 -1
=
0 0 -1 -1
0 1 -1 -1
0 2 -1 -1
0 3 -1 -1
0 4 -1 -1
0 5 -1 -1
0 6 -1 -1
0 7 -1 -1
0 8 -1 -1
0 9 -1 -1
0 10 -1 -1
0 11 -1 -1
0 12 -1 -1
0 13 -1 -1
0 14 -1 -1
0 15 -1 -1
0 16 -1 -1
0 17 -1 -1
0 18 -1 -1
0 19 -1 -1
0 20 -1 -1
0 21 -1 -1
0 22 -1 -1
0 23 -1 -1
0 24 -1 -1
0 -1 -1 -1
0 -1 -1 -1
0 -1 -1 -1
0 -1 -1 -1
0 -1 -1 -1
0 -1 -1 -1
0 -1 -1 -1
0 -1 -1 -1
0 -1 -1 -1
0 -1 -1 -1
0 -1 -1 -1
0 -1 -1 -1
0 -1 0 12
0 -1 1 13
0 -1 2 14
0 -1 -1 -1
0 -1 -1 -1
0 -1 5 17
0 -1 6 18
0 -1 7 19
0 -1 -1 -1
0 -1 -1 -1
0 -1 10 22
0 -1 11 23
0 -1 12 24
0 -1 -1 -1
0 -1 -1 -1
0 -1 -1 -1
0 -1 -1 -1
0 -1 -1 -1
0 -1 -1 -1
0 -1 -1 -1
0 -1 -1 -1
0 -1 -1 -1
0 -1 -1 -1
0 -1 -1 -1
0 -1 0 11
0 -1 1 12
0 -1 2 13
0 -1 3 14
0 -1 -1 -1
0 -1 5 16
0 -1 6 17
0 -1 7 18
0 -1 8 19
0 -1 -1 -1
0 -1 10 21
0 -1 11 22
0 -1 12 23
0 -1 13 24
0 -1 -1 -1
0 -1 -1 -1
0 -1 -1 -1
0 -1 -1 -1
0 -1 -1 -1
0 -1 -1 -1
0 -1 -1 -1
0 -1 -1 -1
0 -1 -1 -1
0 -1 -1 -1
0 -1 0 10
0 -1 1 11
0 -1 2 12
0 -1 3 13
0 -1 4 14
0 -1 5 15
0 -1 6 16
0 -1 7 17
0 -1 8 18
0 -1 9 19
0 -1 10 20
0 -1 11 21
0 -1 12 22
0 -1 13 23
0 -1 14 24
0 -1 -1 -1
0 -1 -1 -1
0 -1 -1 -1
0 -1 -1 -1
0 -1 -1 -1
0 -1 -1 -1
0 -1 -1 -1
0 -1 -1 -1
0 -1 -1 -1
0 -1 -1 -1
0 -1 1 10
0 -1 2 11
0 -1 3 12
0 -1 4 13
0 -1 -1 -1
0 -1 6 15
0 -1 7 16
0 -1 8 17
0 -1 9 18
0 -1 -1 -1
0 -1 11 20
0 -1 12 21
0 -1 13 22
0 -1 14 23
0 -1 -1 -1
0 -1 -1 -1
0 -1 -1 -1
0 -1 -1 -1
0 -1 -1 -1
0 -1 -1 -1
0 -1 -1 -1
0 -1 -1 -1
0 -1 -1 -1
0 -1 -1 -1
0 -1 -1 -1
0 -1 2 10
0 -1 3 11
0 -1 4 12
0 -1 -1 -1
0 -1 -1 -1
0 -1 7 15
0 -1 8 16
0 -1 9 17
0 -1 -1 -1
0 -1 -1 -1
0 -1 12 20
0 -1 13 21
0 -1 14 22
0 -1 -1 -1
0 -1 -1 -1
0 -1 -1 -1
0 -1 -1 -1
0 -1 -1 -1
0 -1 -1 -1
0 -1 -1 -1
0 -1 -1 -1
0 -1 -1 -1
0 -1 0 7
0 -1 1 8
0 -1 2 9
0 -1 -1 -1
0 -1 -1 -1
0 -1 5 12
0 -1 6 13
0 -1 7 14
0 -1 -1 -1
0 -1 -1 -1
0 -1 10 17
0 -1 11 18
0 -1 12 19
0 -1 -1 -1
0 -1 -1 -1
0 -1 15 22
0 -1 16 23
0 -1 17 24
0 -1 -1 -1
0 -1 -1 -1
0 -1 -1 -1
0 -1 -1 -1
0 -1 -1 -1
0 -1 2 5
0 -1 3 6
0 -1 4 7
0 -1 -1 -1
0 -1 -1 -1
0 -1 7 10
0 -1 8 11
0 -1 9 12
0 -1 -1 -1
0 -1 -1 -1
0 -1 12 15
0 -1 13 16
0 -1 14 17
0 -1 -1 -1
0 -1 -1 -1
0 -1 17 20
0 -1 18 21
0 -1 19 22
0 -1 -1 -1
0 -1 -1 -1
0 -1 -1 -1
0 -1 -1 -1
0 -1 0 2
0 -1 1 3
0 -1 2 4
0 -1 -1 -1
0 -1 -1 -1
0 -1 5 7
0 -1 6 8
0 -1 7 9
0 -1 -1 -1
0 -1 -1 -1
0 -1 10 12
0 -1 11 13
0 -1 12 14
0 -1 -1 -1
0 -1 -1 -1
0 -1 15 17
0 -1 16 18
0 -1 17 19
0 -1 -1 -1
0 -1 -1 -1
0 -1 20 22
0 -1 21 23
0 -1 22 24
0 -1 2 0
0 -1 3 1
0 -1 4 2
0 -1 -1 -1
0 -1 -1 -1
0 -1 7 5
0 -1 8 6
0 -1 9 7
0 -1 -1 -1
0 -1 -1 -1
0 -1 12 10
0 -1 13 11
0 -1 14 12
0 -1 -1 -1
0 -1 -1 -1
0 -1 17 15
0 -1 18 16
0 -1 19 17
0 -1 -1 -1
0 -1 -1 -1
0 -1 22 20
0 -1 23 21
0 -1 24 22
0 -1 -1 -1
0 -1 -1 -1
0 -1 -1 -1
0 -1 -1 -1
0 -1 5 2
0 -1 6 3
0 -1 7 4
0 -1 -1 -1
0 -1 -1 -1
0 -1 10 7
0 -1 11 8
0 -1 12 9
0 -1 -1 -1
0 -1 -1 -1
0 -1 15 12
0 -1 16 13
0 -1 17 14
0 -1 -1 -1
0 -1 -1 -1
0 -1 20 17
0 -1 21 18
0 -1 22 19
0 -1 -1 -1
0 -1 -1 -1
0 -1 -1 -1
0 -1 -1 -1
0 -1 -1 -1
0 -1 7 0
0 -1 8 1
0 -1 9 2
0 -1 -1 -1
0 -1 -1 -1
0 -1 12 5
0 -1 13 6
0 -1 14 7
0 -1 -1 -1
0 -1 -1 -1
0 -1 17 10
0 -1 18 11
0 -1 19 12
0 -1 -1 -1
0 -1 -1 -1
0 -1 22 15
0 -1 23 16
0 -1 24 17
0 -1 -1 -1
0 -1 -1 -1
0 -1 -1 -1
0 -1 -1 -1
0 -1 -1 -1
0 -1 -1 -1
0 -1 -1 -1
0 -1 -1 -1
0 -1 -1 -1
0 -1 10 2
0 -1 11 3
0 -1 12 4
0 -1 -1 -1
0 -1 -1 -1
0 -1 15 7
0 -1 16 8
0 -1 17 9
0 -1 -1 -1
0 -1 -1 -1
0 -1 20 12
0 -1 21 13
0 -1 22 14
0 -1 -1 -1
0 -1 -1 -1
0 -1 -1 -1
0 -1 -1 -1
0 -1 -1 -1
0 -1 -1 -1
0 -1 -1 -1
0 -1 -1 -1
0 -1 -1 -1
0 -1 -1 -1
0 -1 -1 -1
0 -1 10 1
0 -1 11 2
0 -1 12 3
0 -1 13 4
0 -1 -1 -1
0 -1 15 6
0 -1 16 7
0 -1 17 8
0 -1 18 9
0 -1 -1 -1
0 -1 20 11
0 -1 21 12
0 -1 22 13
0 -1 23 14
0 -1 -1 -1
0 -1 -1 -1
0 -1 -1 -1
0 -1 -1 -1
0 -1 -1 -1
0 -1 -1 -1
0 -1 -1 -1
0 -1 -1 -1
0 -1 -1 -1
0 -1 -1 -1
0 -1 10 0
0 -1 11 1
0 -1 12 2
0 -1 13 3
0 -1 14 4
0 -1 15 5
0 -1 16 6
0 -1 17 7
0 -1 18 8
0 -1 19 9
0 -1 20 10
0 -1 21 11
0 -1 22 12
0 -1 23 13
0 -1 24 14
0 -1 -1 -1
0 -1 -1 -1
0 -1 -1 -1
0 -1 -1 -1
0 -1 -1 -1
0 -1 -1 -1
0 -1 -1 -1
0 -1 -1 -1
0 -1 -1 -1
0 -1 -1 -1
0 -1 11 0
0 -1 12 1
0 -1 13 2
0 -1 14 3
0 -1 -1 -1
0 -1 16 5
0 -1 17 6
0 -1 18 7
0 -1 19 8
0 -1 -1 -1
0 -1 21 10
0 -1 22 11
0 -1 23 12
0 -1 24 13
0 -1 -1 -1
0 -1 -1 -1
0 -1 -1 -1
0 -1 -1 -1
0 -1 -1 -1
0 -1 -1 -1
0 -1 -1 -1
0 -1 -1 -1
0 -1 -1 -1
0 -1 -1 -1
0 -1 -1 -1
0 -1 12 0
0 -1 13 1
0 -1 14 2
0 -1 -1 -1
0 -1 -1 -1
0 -1 17 5
0 -1 18 6
0 -1 19 7
0 -1 -1 -1
0 -1 -1 -1
0 -1 22 10
0 -1 23 11
0 -1 24 12
0 -1 -1 -1
0 -1 -1 -1
0 -1 -1 -1
0 -1 -1 -1
0 -1 -1 -1
0 -1 -1 -1
0 -1 -1 -1
0 -1 -1 -1
0 -1 -1 -1
0 -1 -1 -1
0 -1 -1 -1
0 -1 -1 -1
1 -1 -1 -1
=
0 0 -1 -1
0 1 -1 -1
0 2 -1 -1
0 3 -1 -1
0 4 -1 -1
0 5 -1 -1
0 6 -1 -1
0 7 -1 -1
0 8 -1 -1
0 9 -1 -1
0 10 -1 -1
0 11 -1 -1
0 12 -1 -1
0 13 -1 -1
0 14 -1 -1
0 15 -1 -1
0 16 -1 -1
0 17 -1 -1
0 18 -1 -1
0 19 -1 -1
0 20 -1 -1
0 21 -1 -1
0 22 -1 -1
0 23 -1 -1
0 24 -1 -1
0 25 -1 -1
0 26 -1 -1
0 27 -1 -1
0 28 -1 -1
0 29 -1 -1
0 30 -1 -1
0 31 -1 -1
0 32 -1 -1
0 33 -1 -1
0 34 -1 -1
0 35 -1 -1
0 -1 -1 -1
0 -1 -1 -1
0 -1 -1 -1
0 -1 -1 -1
0 -1 -1 -1
0 -1 -1 -1
0 -1 -1 -1
0 -1 -1 -1
0 -1 -1 -1
0 -1 -1 -1
0 -1 -1 -1
0 -1 -1 -1
0 -1 -1 -1
0 -1 -1 -1
0 -1 0 14
0 -1 1 15
0 -1 2 16
0 -1 3 17
0 -1 -1 -1
0 -1 -1 -1
0 -1 6 20
0 -1 7 21
0 -1 8 22
0 -1 9 23
0 -1 -1 -1
0 -1 -1 -1
0 -1 12 26
0 -1 13 27
0 -1 14 28
0 -1 15 29
0 -1 -1 -1
0 -1 -1 -1
0 -1 18 32
0 -1 19 33
0 -1 20 34
0 -1 21 35
0 -1 -1 -1
0 -1 -1 -1
0 -1 -1 -1
0 -1 -1 -1
0 -1 -1 -1
0 -1 -1 -1
0 -1 -1 -1
0 -1 -1 -1
0 -1 -1 -1
0 -1 -1 -1
0 -1 -1 -1
0 -1 -1 -1
0 -1 -1 -1
0 -1 0 13
0 -1 1 14
0 -1 2 15
0 -1 3 16
0 -1 4 17
0 -1 -1 -1
0 -1 6 19
0 -1 7 20
0 -1 8 21
0 -1 9 22
0 -1 10 23
0 -1 -1 -1
0 -1 12 25
0 -1 13 26
0 -1 14 27
0 -1 15 28
0 -1 16 29
0 -1 -1 -1
0 -1 18 31
0 -1 19 32
0 -1 20 33
0 -1 21 34
0 -1 22 35
0 -1 -1 -1
0 -1 -1 -1
0 -1 -1 -1
0 -1 -1 -1
0 -1 -1 -1
0 -1 -1 -1
0 -1 -1 -1
0 -1 -1 -1
0 -1 -1 -1
0 -1 -1 -1
0 -1 -1 -1
0 -1 -1 -1
0 -1 0 12
0 -1 1 13
0 -1 2 14
0 -1 3 15
0 -1 4 16
0 -1 5 17
0 -1 6 18
0 -1 7 19
0 -1 8 20
0 -1 9 21
0 -1 10 22
0 -1 11 23
0 -1 12 24
0 -1 13 25
0 -1 14 26
0 -1 15 27
0 -1 16 28
0 -1 17 29
0 -1 18 30
0 -1 19 31
0 -1 20 32
0 -1 21 33
0 -1 22 34
0 -1 23 35
0 -1 -1 -1
0 -1 -1 -1
0 -1 -1 -1
0 -1 -1 -1
0 -1 -1 -1
0 -1 -1 -1
0 -1 -1 -1
0 -1 -1 -1
0 -1 -1 -1
0 -1 -1 -1
0 -1 -1 -1
0 -1 -1 -1
0 -1 1 12
0 -1 2 13
0 -1 3 14
0 -1 4 15
0 -1 5 16
0 -1 -1 -1
0 -1 7 18
0 -1 8 19
0 -1 9 20
0 -1 10 21
0 -1 11 22
0 -1 -1 -1
0 -1 13 24
0 -1 14 25
0 -1 15 26
0 -1 16 27
0 -1 17 28
0 -1 -1 -1
0 -1 19 30
0 -1 20 31
0 -1 21 32
0 -1 22 33
0 -1 23 34
0 -1 -1 -1
0 -1 -1 -1
0 -1 -1 -1
0 -1 -1 -1
0 -1 -1 -1
0 -1 -1 -1
0 -1 -1 -1
0 -1 -1 -1
0 -1 -1 -1
0 -1 -1 -1
0 -1 -1 -1
0 -1 -1 -1
0 -1 -1 -1
0 -1 2 12
0 -1 3 13
0 -1 4 14
0 -1 5 15
0 -1 -1 -1
0 -1 -1 -1
0 -1 8 18
0 -1 9 19
0 -1 10 20
0 -1 11 21
0 -1 -1 -1
0 -1 -1 -1
0 -1 14 24
0 -1 15 25
0 -1 16 26
0 -1 17 27
0 -1 -1 -1
0 -1 -1 -1
0 -1 20 30
0 -1 21 31
0 -1 22 32
0 -1 23 33
0 -1 -1 -1
0 -1 -1 -1
0 -1 -1 -1
0 -1 -1 -1
0 -1 -1 -1
0 -1 -1 -1
0 -1 -1 -1
0 -1 -1 -1
0 -1 -1 -1
0 -1 -1 -1
0 -1 0 8
0 -1 1 9
0 -1 2 10
0 -1 3 11
0 -1 -1 -1
0 -1 -1 -1
0 -1 6 14
0 -1 7 15
0 -1 8 16
0 -1 9 17
0 -1 -1 -1
0 -1 -1 -1
0 -1 12 20
0 -1 13 21
0 -1 14 22
0 -1 15 23
0 -1 -1 -1
0 -1 -1 -1
0 -1 18 26
0 -1 19 27
0 -1 20 28
0 -1 21 29
0 -1 -1 -1
0 -1 -1 -1
0 -1 24 32
0 -1 25 33
0 -1 26 34
0 -1 27 35
0 -1 -1 -1
0 -1 -1 -1
0 -1 -1 -1
0 -1 -1 -1
0 -1 -1 -1
0 -1 -1 -1
0 -1 2 6
0 -1 3 7
0 -1 4 8
0 -1 5 9
0 -1 -1 -1
0 -1 -1 -1
0 -1 8 12
0 -1 9 13
0 -1 10 14
0 -1 11 15
0 -1 -1 -1
0 -1 -1 -1
0 -1 14 18
0 -1 15 19
0 -1 16 20
0 -1 17 21
0 -1 -1 -1
0 -1 -1 -1
0 -1 20 24
0 -1 21 25
0 -1 22 26
0 -1 23 27
0 -1 -1 -1
0 -1 -1 -1
0 -1 26 30
0 -1 27 31
0 -1 28 32
0 -1 29 33
0 -1 -1 -1
0 -1 -1 -1
0 -1 -1 -1
0 -1 -1 -1
0 -1 0 2
0 -1 1 3
0 -1 2 4
0 -1 3 5
0 -1 -1 -1
0 -1 -1 -1
0 -1 6 8
0 -1 7 9
0 -1 8 10
0 -1 9 11
0 -1 -1 -1
0 -1 -1 -1
0 -1 12 14
0 -1 13 15
0 -1 14 16
0 -1 15 17
0 -1 -1 -1
0 -1 -1 -1
0 -1 18 20
0 -1 19 21
0 -1 20 22
0 -1 21 23
0 -1 -1 -1
0 -1 -1 -1
0 -1 24 26
0 -1 25 27
0 -1 26 28
0 -1 27 29
0 -1 -1 -1
0 -1 -1 -1
0 -1 30 32
0 -1 31 33
0 -1 32 34
0 -1 33 35
0 -1 2 0
0 -1 3 1
0 -1 4 2
0 -1 5 3
0 -1 -1 -1
0 -1 -1 -1
0 -1 8 6
0 -1 9 7
0 -1 10 8
0 -1 11 9
0 -1 -1 -1
0 -1 -1 -1
0 -1 14 12
0 -1 15 13
0 -1 16 14
0 -1 17 15
0 -1 -1 -1
0 -1 -1 -1
0 -1 20 18
0 -1 21 19
0 -1 22 20
0 -1 23 21
0 -1 -1 -1
0 -1 -1 -1
0 -1 26 24
0 -1 27 25
0 -1 28 26
0 -1 29 27
0 -1 -1 -1
0 -1 -1 -1
0 -1 32 30
0 -1 33 31
0 -1 34 32
0 -1 35 33
0 -1 -1 -1
0 -1 -1 -1
0 -1 -1 -1
0 -1 -1 -1
0 -1 6 2
0 -1 7 3
0 -1 8 4
0 -1 9 5
0 -1 -1 -1
0 -1 -1 -1
0 -1 12 8
0 -1 13 9
0 -1 14 10
0 -1 15 11
0 -1 -1 -1
0 -1 -1 -1
0 -1 18 14
0 -1 19 15
0 -1 20 16
0 -1 21 17
0 -1 -1 -1
0 -1 -1 -1
0 -1 24 20
0 -1 25 21
0 -1 26 22
0 -1 27 23
0 -1 -1 -1
0 -1 -1 -1
0 -1 30 26
0 -1 31 27
0 -1 32 28
0 -1 33 29
0 -1 -1 -1
0 -1 -1 -1
0 -1 -1 -1
0 -1 -1 -1
0 -1 -1 -1
0 -1 -1 -1
0 -1 8 0
0 -1 9 1
0 -1 10 2
0 -1 11 3
0 -1 -1 -1
0 -1 -1 -1
0 -1 14 6
0 -1 15 7
0 -1 16 8
0 -1 17 9
0 -1 -1 -1
0 -1 -1 -1
0 -1 20 12
0 -1 21 13
0 -1 22 14
0 -1 23 15
0 -1 -1 -1
0 -1 -1 -1
0 -1 26 18
0 -1 27 19
0 -1 28 20
0 -1 29 21
0 -1 -1 -1
0 -1 -1 -1
0 -1 32 24
0 -1 33 25
0 -1 34 26
0 -1 35 27
0 -1 -1 -1
0 -1 -1 -1
0 -1 -1 -1
0 -1 -1 -1
0 -1 -1 -1
0 -1 -1 -1
0 -1 -1 -1
0 -1 -1 -1
0 -1 -1 -1
0 -1 -1 -1
0 -1 12 2
0 -1 13 3
0 -1 14 4
0 -1 15 5
0 -1 -1 -1
0 -1 -1 -1
0 -1 18 8
0 -1 19 9
0 -1 20 10
0 -1 21 11
0 -1 -1 -1
0 -1 -1 -1
0 -1 24 14
0 -1 25 15
0 -1 26 16
0 -1 27 17
0 -1 -1 -1
0 -1 -1 -1
0 -1 30 20
0 -1 31 21
0 -1 32 22
0 -1 33 23
0 -1 -1 -1
0 -1 -1 -1
0 -1 -1 -1
0 -1 -1 -1
0 -1 -1 -1
0 -1 -1 -1
0 -1 -1 -1
0 -1 -1 -1
0 -1 -1 -1
0 -1 -1 -1
0 -1 -1 -1
0 -1 -1 -1
0 -1 -1 -1
0 -1 12 1
0 -1 13 2
0 -1 14 3
0 -1 15 4
0 -1 16 5
0 -1 -1 -1
0 -1 18 7
0 -1 19 8
0 -1 20 9
0 -1 21 10
0 -1 22 11
0 -1 -1 -1
0 -1 24 13
0 -1 25 14
0 -1 26 15
0 -1 27 16
0 -1 28 17
0 -1 -1 -1
0 -1 30 19
0 -1 31 20
0 -1 32 21
0 -1 33 22
0 -1 34 23
0 -1 -1 -1
0 -1 -1 -1
0 -1 -1 -1
0 -1 -1 -1
0 -1 -1 -1
0 -1 -1 -1
0 -1 -1 -1
0 -1 -1 -1
0 -1 -1 -1
0 -1 -1 -1
0 -1 -1 -1
0 -1 -1 -1
0 -1 12 0
0 -1 13 1
0 -1 14 2
0 -1 15 3
0 -1 16 4
0 -1 17 5
0 -1 18 6
0 -1 19 7
0 -1 20 8
0 -1 21 9
0 -1 22 10
0 -1 23 11
0 -1 24 12
0 -1 25 13
0 -1 26 14
0 -1 27 15
0 -1 28 16
0 -1 29 17
0 -1 30 18
0 -1 31 19
0 -1 32 20
0 -1 33 21
0 -1 34 22
0 -1 35 23
0 -1 -1 -1
0 -1 -1 -1
0 -1 -1 -1
0 -1 -1 -1
0 -1 -1 -1
0 -1 -1 -1
0 -1 -1 -1
0 -1 -1 -1
0 -1 -1 -1
0 -1 -1 -1
0 -1 -1 -1
0 -1 -1 -1
0 -1 13 0
0 -1 14 1
0 -1 15 2
0 -1 16 3
0 -1 17 4
0 -1 -1 -1
0 -1 19 6
0 -1 20 7
0 -1 21 8
0 -1 22 9
0 -1 23 10
0 -1 -1 -1
0 -1 25 12
0 -1 26 13
0 -1 27 14
0 -1 28 15
0 -1 29 16
0 -1 -1 -1
0 -1 31 18
0 -1 32 19
0 -1 33 20
0 -1 34 21
0 -1 35 22
0 -1 -1 -1
0 -1 -1 -1
0 -1 -1 -1
0 -1 -1 -1
0 -1 -1 -1
0 -1 -1 -1
0 -1 -1 -1
0 -1 -1 -1
0 -1 -1 -1
0 -1 -1 -1
0 -1 -1 -1
0 -1 -1 -1
0 -1 -1 -1
0 -1 14 0
0 -1 15 1
0 -1 16 2
0 -1 17 3
0 -1 -1 -1
0 -1 -1 -1
0 -1 20 6
0 -1 21 7
0 -1 22 8
0 -1 23 9
0 -1 -1 -1
0 -1 -1 -1
0 -1 26 12
0 -1 27 13
0 -1 28 14
0 -1 29 15
0 -1 -1 -1
0 -1 -1 -1
0 -1 32 18
0 -1 33 19
0 -1 34 20
0 -1 35 21
0 -1 -1 -1
0 -1 -1 -1
0 -1 -1 -1
0 -1 -1 -1
0 -1 -1 -1
0 -1 -1 -1
0 -1 -1 -1
0 -1 -1 -1
0 -1 -1 -1
0 -1 -1 -1
0 -1 -1 -1
0 -1 -1 -1
0 -1 -1 -1
0 -1 -1 -1
1 -1 -1 -1
=
0 0 -1 -1
0 1 -1 -1
0 2 -1 -1
0 3 -1 -1
0 4 -1 -1
0 5 -1 -1
0 6 -1 -1
0 7 -1 -1
0 8 -1 -1
0 9 -1 -1
0 10 -1 -1
0 11 -1 -1
0 12 -1 -1
0 13 -1 -1
0 14 -1 -1
0 15 -1 -1
0 16 -1 -1
0 17 -1 -1
0 18 -1 -1
0 19 -1 -1
0 20 -1 -1
0 21 -1 -1
0 22 -1 -1
0 23 -1 -1
0 24 -1 -1
0 25 -1 -1
0 26 -1 -1
0 27 -1 -1
0 28 -1 -1
0 29 -1 -1
0 30 -1 -1
0 31 -1 -1
0 32 -1 -1
0 33 -1 -1
0 34 -1 -1
0 35 -1 -1
0 36 -1 -1
0 37 -1 -1
0 38 -1 -1
0 39 -1 -1
0 40 -1 -1
0 41 -1 -1
0 42 -1 -1
0 43 -1 -1
0 44 -1 -1
0 45 -1 -1
0 46 -1 -1
0 47 -1 -1
0 48 -1 -1
0 -1 -1 -1
0 -1 -1 -1
0 -1 -1 -1
0 -1 -1 -1
0 -1 -1 -1
0 -1 -1 -1
0 -1 -1 -1
0 -1 -1 -1
0 -1 -1 -1
0 -1 -1 -1
0 -1 -1 -1
0 -1 -1 -1
0 -1 -1 -1
0 -1 -1 -1
0 -1 -1 -1
0 -1 -1 -1
0 -1 0 16
0 -1 1 17
0 -1 2 18
0 -1 3 19
0 -1 4 20
0 -1 -1 -1
0 -1 -1 -1
0 -1 7 23
0 -1 8 24
0 -1 9 25
0 -1 10 26
0 -1 11 27
0 -1 -1 -1
0 -1 -1 -1
0 -1 14 30
0 -1 15 31
0 -1 16 32
0 -1 17 33
0 -1 18 34
0 -1 -1 -1
0 -1 -1 -1
0 -1 21 37
0 -1 22 38
0 -1 23 39
0 -1 24 40
0 -1 25 41
0 -1 -1 -1
0 -1 -1 -1
0 -1 28 44
0 -1 29 45
0 -1 30 46
0 -1 31 47
0 -1 32 48
0 -1 -1 -1
0 -1 -1 -1
0 -1 -1 -1
0 -1 -1 -1
0 -1 -1 -1
0 -1 -1 -1
0 -1 -1 -1
0 -1 -1 -1
0 -1 -1 -1
0 -1 -1 -1
0 -1 -1 -1
0 -1 -1 -1
0 -1 -1 -1
0 -1 -1 -1
0 -1 -1 -1
0 -1 0 15
0 -1 1 16
0 -1 2 17
0 -1 3 18
0 -1 4 19
0 -1 5 20
0 -1 -1 -1
0 -1 7 22
0 -1 8 23
0 -1 9 24
0 -1 10 25
0 -1 11 26
0 -1 12 27
0 -1 -1 -1
0 -1 14 29
0 -1 15 30
0 -1 16 31
0 -1 17 32
0 -1 18 33
0 -1 19 34
0 -1 -1 -1
0 -1 21 36
0 -1 22 37
0 -1 23 38
0 -1 24 39
0 -1 25 40
0 -1 26 41
0 -1 -1 -1
0 -1 28 43
0 -1 29 44
0 -1 30 45
0 -1 31 46
0 -1 32 47
0 -1 33 48
0 -1 -1 -1
0 -1 -1 -1
0 -1 -1 -1
0 -1 -1 -1
0 -1 -1 -1
0 -1 -1 -1
0 -1 -1 -1
0 -1 -1 -1
0 -1 -1 -1
0 -1 -1 -1
0 -1 -1 -1
0 -1 -1 -1
0 -1 -1 -1
0 -1 -1 -1
0 -1 0 14
0 -1 1 15
0 -1 2 16
0 -1 3 17
0 -1 4 18
0 -1 5 19
0 -1 6 20
0 -1 7 21
0 -1 8 22
0 -1 9 23
0 -1 10 24
0 -1 11 25
0 -1 12 26
0 -1 13 27
0 -1 14 28
0 -1 15 29
0 -1 16 30
0 -1 17 31
0 -1 18 32
0 -1 19 33
0 -1 20 34
0 -1 21 35
0 -1 22 36
0 -1 23 37
0 -1 24 38
0 -1 25 39
0 -1 26 40
0 -1 27 41
0 -1 28 42
0 -1 29 43
0 -1 30 44
0 -1 31 45
0 -1 32 46
0 -1 33 47
0 -1 34 48
0 -1 -1 -1
0 -1 -1 -1
0 -1 -1 -1
0 -1 -1 -1
0 -1 -1 -1
0 -1 -1 -1
0 -1 -1 -1
0 -1 -1 -1
0 -1 -1 -1
0 -1 -1 -1
0 -1 -1 -1
0 -1 -1 -1
0 -1 -1 -1
0 -1 -1 -1
0 -1 1 14
0 -1 2 15
0 -1 3 16
0 -1 4 17
0 -1 5 18
0 -1 6 19
0 -1 -1 -1
0 -1 8 21
0 -1 9 22
0 -1 10 23
0 -1 11 24
0 -1 12 25
0 -1 13 26
0 -1 -1 -1
0 -1 15 28
0 -1 16 29
0 -1 17 30
0 -1 18 31
0 -1 19 32
0 -1 20 33
0 -1 -1 -1
0 -1 22 35
0 -1 23 36
0 -1 24 37
0 -1 25 38
0 -1 26 39
0 -1 27 40
0 -1 -1 -1
0 -1 29 42
0 -1 30 43
0 -1 31 44
0 -1 32 45
0 -1 33 46
0 -1 34 47
0 -1 -1 -1
0 -1 -1 -1
0 -1 -1 -1
0 -1 -1 -1
0 -1 -1 -1
0 -1 -1 -1
0 -1 -1 -1
0 -1 -1 -1
0 -1 -1 -1
0 -1 -1 -1
0 -1 -1 -1
0 -1 -1 -1
0 -1 -1 -1
0 -1 -1 -1
0 -1 -1 -1
0 -1 2 14
0 -1 3 15
0 -1 4 16
0 -1 5 17
0 -1 6 18
0 -1 -1 -1
0 -1 -1 -1
0 -1 9 21
0 -1 10 22
0 -1 11 23
0 -1 12 24
0 -1 13 25
0 -1 -1 -1
0 -1 -1 -1
0 -1 16 28
0 -1 17 29
0 -1 18 30
0 -1 19 31
0 -1 20 32
0 -1 -1 -1
0 -1 -1 -1
0 -1 23 35
0 -1 24 36
0 -1 25 37
0 -1 26 38
0 -1 27 39
0 -1 -1 -1
0 -1 -1 -1
0 -1 30 42
0 -1 31 43
0 -1 32 44
0 -1 33 45
0 -1 34 46
0 -1 -1 -1
0 -1 -1 -1
0 -1 -1 -1
0 -1 -1 -1
0 -1 -1 -1
0 -1 -1 -1
0 -1 -1 -1
0 -1 -1 -1
0 -1 -1 -1
0 -1 -1 -1
0 -1 -1 -1
0 -1 0 9
0 -1 1 10
0 -1 2 11
0 -1 3 12
0 -1 4 13
0 -1 -1 -1
0 -1 -1 -1
0 -1 7 16
0 -1 8 17
0 -1 9 18
0 -1 10 19
0 -1 11 20
0 -1 -1 -1
0 -1 -1 -1
0 -1 14 23
0 -1 15 24
0 -1 16 25
0 -1 17 26
0 -1 18 27
0 -1 -1 -1
0 -1 -1 -1
0 -1 21 30
0 -1 22 31
0 -1 23 32
0 -1 24 33
0 -1 25 34
0 -1 -1 -1
0 -1 -1 -1
0 -1 28 37
0 -1 29 38
0 -1 30 39
0 -1 31 40
0 -1 32 41
0 -1 -1 -1
0 -1 -1 -1
0 -1 35 44
0 -1 36 45
0 -1 37 46
0 -1 38 47
0 -1 39 48
0 -1 -1 -1
0 -1 -1 -1
0 -1 -1 -1
0 -1 -1 -1
0 -1 -1 -1
0 -1 -1 -1
0 -1 -1 -1
0 -1 2 7
0 -1 3 8
0 -1 4 9
0 -1 5 10
0 -1 6 11
0 -1 -1 -1
0 -1 -1 -1
0 -1 9 14
0 -1 10 15
0 -1 11 16
0 -1 12 17
0 -1 13 18
0 -1 -1 -1
0 -1 -1 -1
0 -1 16 21
0 -1 17 22
0 -1 18 23
0 -1 19 24
0 -1 20 25
0 -1 -1 -1
0 -1 -1 -1
0 -1 23 28
0 -1 24 29
0 -1 25 30
0 -1 26 31
0 -1 27 32
0 -1 -1 -1
0 -1 -1 -1
0 -1 30 35
0 -1 31 36
0 -1 32 37
0 -1 33 38
0 -1 34 39
0 -1 -1 -1
0 -1 -1 -1
0 -1 37 42
0 -1 38 43
0 -1 39 44
0 -1 40 45
0 -1 41 46
0 -1 -1 -1
0 -1 -1 -1
0 -1 -1 -1
0 -1 -1 -1
0 -1 0 2
0 -1 1 3
0 -1 2 4
0 -1 3 5
0 -1 4 6
0 -1 -1 -1
0 -1 -1 -1
0 -1 7 9
0 -1 8 10
0 -1 9 11
0 -1 10 12
0 -1 11 13
0 -1 -1 -1
0 -1 -1 -1
0 -1 14 16
0 -1 15 17
0 -1 16 18
0 -1 17 19
0 -1 18 20
0 -1 -1 -1
0 -1 -1 -1
0 -1 21 23
0 -1 22 24
0 -1 23 25
0 -1 24 26
0 -1 25 27
0 -1 -1 -1
0 -1 -1 -1
0 -1 28 30
0 -1 29 31
0 -1 30 32
0 -1 31 33
0 -1 32 34
0 -1 -1 -1
0 -1 -1 -1
0 -1 35 37
0 -1 36 38
0 -1 37 39
0 -1 38 40
0 -1 39 41
0 -1 -1 -1
0 -1 -1 -1
0 -1 42 44
0 -1 43 45
0 -1 44 46
0 -1 45 47
0 -1 46 48
0 -1 2 0
0 -1 3 1
0 -1 4 2
0 -1 5 3
0 -1 6 4
0 -1 -1 -1
0 -1 -1 -1
0 -1 9 7
0 -1 10 8
0 -1 11 9
0 -1 12 10
0 -1 13 11
0 -1 -1 -1
0 -1 -1 -1
0 -1 16 14
0 -1 17 15
0 -1 18 16
0 -1 19 17
0 -1 20 18
0 -1 -1 -1
0 -1 -1 -1
0 -1 23 21
0 -1 24 22
0 -1 25 23
0 -1 26 24
0 -1 27 25
0 -1 -1 -1
0 -1 -1 -1
0 -1 30 28
0 -1 31 29
0 -1 32 30
0 -1 33 31
0 -1 34 32
0 -1 -1 -1
0 -1 -1 -1
0 -1 37 35
0 -1 38 36
0 -1 39 37
0 -1 40 38
0 -1 41 39
0 -1 -1 -1
0 -1 -1 -1
0 -1 44 42
0 -1 45 43
0 -1 46 44
0 -1 47 45
0 -1 48 46
0 -1 -1 -1
0 -1 -1 -1
0 -1 -1 -1
0 -1 -1 -1
0 -1 7 2
0 -1 8 3
0 -1 9 4
0 -1 10 5
0 -1 11 6
0 -1 -1 -1
0 -1 -1 -1
0 -1 14 9
0 -1 15 10
0 -1 16 11
0 -1 17 12
0 -1 18 13
0 -1 -1 -1
0 -1 -1 -1
0 -1 21 16
0 -1 22 17
0 -1 23 18
0 -1 24 19
0 -1 25 20
0 -1 -1 -1
0 -1 -1 -1
0 -1 28 23
0 -1 29 24
0 -1 30 25
0 -1 31 26
0 -1 32 27
0 -1 -1 -1
0 -1 -1 -1
0 -1 35 30
0 -1 36 31
0 -1 37 32
0 -1 38 33
0 -1 39 34
0 -1 -1 -1
0 -1 -1 -1
0 -1 42 37
0 -1 43 38
0 -1 44 39
0 -1 45 40
0 -1 46 41
0 -1 -1 -1
0 -1 -1 -1
0 -1 -1 -1
0 -1 -1 -1
0 -1 -1 -1
0 -1 -1 -1
0 -1 -1 -1
0 -1 9 0
0 -1 10 1
0 -1 11 2
0 -1 12 3
0 -1 13 4
0 -1 -1 -1
0 -1 -1 -1
0 -1 16 7
0 -1 17 8
0 -1 18 9
0 -1 19 10
0 -1 20 11
0 -1 -1 -1
0 -1 -1 -1
0 -1 23 14
0 -1 24 15
0 -1 25 16
0 -1 26 17
0 -1 27 18
0 -1 -1 -1
0 -1 -1 -1
0 -1 30 21
0 -1 31 22
0 -1 32 23
0 -1 33 24
0 -1 34 25
0 -1 -1 -1
0 -1 -1 -1
0 -1 37 28
0 -1 38 29
0 -1 39 30
0 -1 40 31
0 -1 41 32
0 -1 -1 -1
0 -1 -1 -1
0 -1 44 35
0 -1 45 36
0 -1 46 37
0 -1 47 38
0 -1 48 39
0 -1 -1 -1
0 -1 -1 -1
0 -1 -1 -1
0 -1 -1 -1
0 -1 -1 -1
0 -1 -1 -1
0 -1 -1 -1
0 -1 -1 -1
0 -1 -1 -1
0 -1 -1 -1
0 -1 -1 -1
0 -1 14 2
0 -1 15 3
0 -1 16 4
0 -1 17 5
0 -1 18 6
0 -1 -1 -1
0 -1 -1 -1
0 -1 21 9
0 -1 22 10
0 -1 23 11
0 -1 24 12
0 -1 25 13
0 -1 -1 -1
0 -1 -1 -1
0 -1 28 16
0 -1 29 17
0 -1 30 18
0 -1 31 19
0 -1 32 20
0 -1 -1 -1
0 -1 -1 -1
0 -1 35 23
0 -1 36 24
0 -1 37 25
0 -1 38 26
0 -1 39 27
0 -1 -1 -1
0 -1 -1 -1
0 -1 42 30
0 -1 43 31
0 -1 44 32
0 -1 45 33
0 -1 46 34
0 -1 -1 -1
0 -1 -1 -1
0 -1 -1 -1
0 -1 -1 -1
0 -1 -1 -1
0 -1 -1 -1
0 -1 -1 -1
0 -1 -1 -1
0 -1 -1 -1
0 -1 -1 -1
0 -1 -1 -1
0 -1 -1 -1
0 -1 -1 -1
0 -1 -1 -1
0 -1 -1 -1
0 -1 14 1
0 -1 15 2
0 -1 16 3
0 -1 17 4
0 -1 18 5
0 -1 19 6
0 -1 -1 -1
0 -1 21 8
0 -1 22 9
0 -1 23 10
0 -1 24 11
0 -1 25 12
0 -1 26 13
0 -1 -1 -1
0 -1 28 15
0 -1 29 16
0 -1 30 17
0 -1 31 18
0 -1 32 19
0 -1 33 20
0 -1 -1 -1
0 -1 35 22
0 -1 36 23
0 -1 37 24
0 -1 38 25
0 -1 39 26
0 -1 40 27
0 -1 -1 -1
0 -1 42 29
0 -1 43 30
0 -1 44 31
0 -1 45 32
0 -1 46 33
0 -1 47 34
0 -1 -1 -1
0 -1 -1 -1
0 -1 -1 -1
0 -1 -1 -1
0 -1 -1 -1
0 -1 -1 -1
0 -1 -1 -1
0 -1 -1 -1
0 -1 -1 -1
0 -1 -1 -1
0 -1 -1 -1
0 -1 -1 -1
0 -1 -1 -1
0 -1 -1 -1
0 -1 14 0
0 -1 15 1
0 -1 16 2
0 -1 17 3
0 -1 18 4
0 -1 19 5
0 -1 20 6
0 -1 21 7
0 -1 22 8
0 -1 23 9
0 -1 24 10
0 -1 25 11
0 -1 26 12
0 -1 27 13
0 -1 28 14
0 -1 29 15
0 -1 30 16
0 -1 31 17
0 -1 32 18
0 -1 33 19
0 -1 34 20
0 -1 35 21
0 -1 36 22
0 -1 37 23
0 -1 38 24
0 -1 39 25
0 -1 40 26
0 -1 41 27
0 -1 42 28
0 -1 43 29
0 -1 44 30
0 -1 45 31
0 -1 46 32
0 -1 47 33
0 -1 48 34
0 -1 -1 -1
0 -1 -1 -1
0 -1 -1 -1
0 -1 -1 -1
0 -1 -1 -1
0 -1 -1 -1
0 -1 -1 -1
0 -1 -1 -1
0 -1 -1 -1
0 -1 -1 -1
0 -1 -1 -1
0 -1 -1 -1
0 -1 -1 -1
0 -1 -1 -1
0 -1 15 0
0 -1 16 1
0 -1 17 2
0 -1 18 3
0 -1 19 4
0 -1 20 5
0 -1 -1 -1
0 -1 22 7
0 -1 23 8
0 -1 24 9
0 -1 25 10
0 -1 26 11
0 -1 27 12
0 -1 -1 -1
0 -1 29 14
0 -1 30 15
0 -1 31 16
0 -1 32 17
0 -1 33 18
0 -1 34 19
0 -1 -1 -1
0 -1 36 21
0 -1 37 22
0 -1 38 23
0 -1 39 24
0 -1 40 25
0 -1 41 26
0 -1 -1 -1
0 -1 43 28
0 -1 44 29
0 -1 45 30
0 -1 46 31
0 -1 47 32
0 -1 48 33
0 -1 -1 -1
0 -1 -1 -1
0 -1 -1 -1
0 -1 -1 -1
0 -1 -1 -1
0 -1 -1 -1
0 -1 -1 -1
0 -1 -1 -1
0 -1 -1 -1
0 -1 -1 -1
0 -1 -1 -1
0 -1 -1 -1
0 -1 -1 -1
0 -1 -1 -1
0 -1 -1 -1
0 -1 16 0
0 -1 17 1
0 -1 18 2
0 -1 19 3
0 -1 20 4
0 -1 -1 -1
0 -1 -1 -1
0 -1 23 7
0 -1 24 8
0 -1 25 9
0 -1 26 10
0 -1 27 11
0 -1 -1 -1
0 -1 -1 -1
0 -1 30 14
0 -1 31 15
0 -1 32 16
0 -1 33 17
0 -1 34 18
0 -1 -1 -1
0 -1 -1 -1
0 -1 37 21
0 -1 38 22
0 -1 39 23
0 -1 40 24
0 -1 41 25
0 -1 -1 -1
0 -1 -1 -1
0 -1 44 28
0 -1 45 29
0 -1 46 30
0 -1 47 31
0 -1 48 32
0 -1 -1 -1
0 -1 -1 -1
0 -1 -1 -1
0 -1 -1 -1
0 -1 -1 -1
0 -1 -1 -1
0 -1 -1 -1
0 -1 -1 -1
0 -1 -1 -1
0 -1 -1 -1
0 -1 -1 -1
0 -1 -1 -1
0 -1 -1 -1
0 -1 -1 -1
0 -1 -1 -1
0 -1 -1 -1
1 -1 -1 -1
=
0 0 -1 -1
0 1 -1 -1
0 2 -1 -1
0 3 -1 -1
0 4 -1 -1
0 5 -1 -1
0 6 -1 -1
0 7 -1 -1
0 8 -1 -1
0 9 -1 -1
0 10 -1 -1
0 11 -1 -1
0 12 -1 -1
0 13 -1 -1
0 14 -1 -1
0 15 -1 -1
0 16 -1 -1
0 17 -1 -1
0 18 -1 -1
0 19 -1 -1
0 20 -1 -1
0 21 -1 -1
0 22 -1 -1
0 23 -1 -1
0 24 -1 -1
0 25 -1 -1
0 26 -1 -1
0 27 -1 -1
0 28 -1 -1
0 29 -1 -1
0 30 -1 -1
0 31 -1 -1
0 32 -1 -1
0 33 -1 -1
0 34 -1 -1
0 35 -1 -1
0 36 -1 -1
0 37 -1 -1
0 38 -1 -1
0 39 -1 -1
0 40 -1 -1
0 41 -1 -1
0 42 -1 -1
0 43 -1 -1
0 44 -1 -1
0 45 -1 -1
0 46 -1 -1
0 47 -1 -1
0 48 -1 -1
0 49 -1 -1
0 50 -1 -1
0 51 -1 -1
0 52 -1 -1
0 53 -1 -1
0 54 -1 -1
0 55 -1 -1
0 56 -1 -1
0 57 -1 -1
0 58 -1 -1
0 59 -1 -1
0 60 -1 -1
0 61 -1 -1
0 62 -1 -1
0 63 -1 -1
0 -1 -1 -1
0 -1 -1 -1
0 -1 -1 -1
0 -1 -1 -1
0 -1 -1 -1
0 -1 -1 -1
0 -1 -1 -1
0 -1 -1 -1
0 -1 -1 -1
0 -1 -1 -1
0 -1 -1 -1
0 -1 -1 -1
0 -1 -1 -1
0 -1 -1 -1
0 -1 -1 -1
0 -1 -1 -1
0 -1 -1 -1
0 -1 -1 -1
0 -1 0 18
0 -1 1 19
0 -1 2 20
0 -1 3 21
0 -1 4 22
0 -1 5 23
0 -1 -1 -1
0 -1 -1 -1
0 -1 8 26
0 -1 9 27
0 -1 10 28
0 -1 11 29
0 -1 12 30
0 -1 13 31
0 -1 -1 -1
0 -1 -1 -1
0 -1 16 34
0 -1 17 35
0 -1 18 36
0 -1 19 37
0 -1 20 38
0 -1 21 39
0 -1 -1 -1
0 -1 -1 -1
0 -1 24 42
0 -1 25 43
0 -1 26 44
0 -1 27 45
0 -1 28 46
0 -1 29 47
0 -1 -1 -1
0 -1 -1 -1
0 -1 32 50
0 -1 33 51
0 -1 34 52
0 -1 35 53
0 -1 36 54
0 -1 37 55
0 -1 -1 -1
0 -1 -1 -1
0 -1 40 58
0 -1 41 59
0 -1 42 60
0 -1 43 61
0 -1 44 62
0 -1 45 63
0 -1 -1 -1
0 -1 -1 -1
0 -1 -1 -1
0 -1 -1 -1
0 -1 -1 -1
0 -1 -1 -1
0 -1 -1 -1
0 -1 -1 -1
0 -1 -1 -1
0 -1 -1 -1
0 -1 -1 -1
0 -1 -1 -1
0 -1 -1 -1
0 -1 -1 -1
0 -1 -1 -1
0 -1 -1 -1
0 -1 -1 -1
0 -1 0 17
0 -1 1 18
0 -1 2 19
0 -1 3 20
0 -1 4 21
0 -1 5 22
0 -1 6 23
0 -1 -1 -1
0 -1 8 25
0 -1 9 26
0 -1 10 27
0 -1 11 28
0 -1 12 29
0 -1 13 30
0 -1 14 31
0 -1 -1 -1
0 -1 16 33
0 -1 17 34
0 -1 18 35
0 -1 19 36
0 -1 20 37
0 -1 21 38
0 -1 22 39
0 -1 -1 -1
0 -1 24 41
0 -1 25 42
0 -1 26 43
0 -1 27 44
0 -1 28 45
0 -1 29 46
0 -1 30 47
0 -1 -1 -1
0 -1 32 49
0 -1 33 50
0 -1 34 51
0 -1 35 52
0 -1 36 53
0 -1 37 54
0 -1 38 55
0 -1 -1 -1
0 -1 40 57
0 -1 41 58
0 -1 42 59
0 -1 43 60
0 -1 44 61
0 -1 45 62
0 -1 46 63
0 -1 -1 -1
0 -1 -1 -1
0 -1 -1 -1
0 -1 -1 -1
0 -1 -1 -1
0 -1 -1 -1
0 -1 -1 -1
0 -1 -1 -1
0 -1 -1 -1
0 -1 -1 -1
0 -1 -1 -1
0 -1 -1 -1
0 -1 -1 -1
0 -1 -1 -1
0 -1 -1 -1
0 -1 -1 -1
0 -1 0 16
0 -1 1 17
0 -1 2 18
0 -1 3 19
0 -1 4 20
0 -1 5 21
0 -1 6 22
0 -1 7 23
0 -1 8 24
0 -1 9 25
0 -1 10 26
0 -1 11 27
0 -1 12 28
0 -1 13 29
0 -1 14 30
0 -1 15 31
0 -1 16 32
0 -1 17 33
0 -1 18 34
0 -1 19 35
0 -1 20 36
0 -1 21 37
0 -1 22 38
0 -1 23 39
0 -1 24 40
0 -1 25 41
0 -1 26 42
0 -1 27 43
0 -1 28 44
0 -1 29 45
0 -1 30 46
0 -1 31 47
0 -1 32 48
0 -1 33 49
0 -1 34 50
0 -1 35 51
0 -1 36 52
0 -1 37 53
0 -1 38 54
0 -1 39 55
0 -1 40 56
0 -1 41 57
0 -1 42 58
0 -1 43 59
0 -1 44 60
0 -1 45 61
0 -1 46 62
0 -1 47 63
0 -1 -1 -1
0 -1 -1 -1
0 -1 -1 -1
0 -1 -1 -1
0 -1 -1 -1
0 -1 -1 -1
0 -1 -1 -1
0 -1 -1 -1
0 -1 -1 -1
0 -1 -1 -1
0 -1 -1 -1
0 -1 -1 -1
0 -1 -1 -1
0 -1 -1 -1
0 -1 -1 -1
0 -1 -1 -1
0 -1 1 16
0 -1 2 17
0 -1 3 18
0 -1 4 19
0 -1 5 20
0 -1 6 21
0 -1 7 22
0 -1 -1 -1
0 -1 9 24
0 -1 10 25
0 -1 11 26
0 -1 12 27
0 -1 13 28
0 -1 14 29
0 -1 15 30
0 -1 -1 -1
0 -1 17 32
0 -1 18 33
0 -1 19 34
0 -1 20 35
0 -1 21 36
0 -1 22 37
0 -1 23 38
0 -1 -1 -1
0 -1 25 40
0 -1 26 41
0 -1 27 42
0 -1 28 43
0 -1 29 44
0 -1 30 45
0 -1 31 46
0 -1 -1 -1
0 -1 33 48
0 -1 34 49
0 -1 35 50
0 -1 36 51
0 -1 37 52
0 -1 38 53
0 -1 39 54
0 -1 -1 -1
0 -1 41 56
0 -1 42 57
0 -1 43 58
0 -1 44 59
0 -1 45 60
0 -1 46 61
0 -1 47 62
0 -1 -1 -1
0 -1 -1 -1
0 -1 -1 -1
0 -1 -1 -1
0 -1 -1 -1
0 -1 -1 -1
0 -1 -1 -1
0 -1 -1 -1
0 -1 -1 -1
0 -1 -1 -1
0 -1 -1 -1
0 -1 -1 -1
0 -1 -1 -1
0 -1 -1 -1
0 -1 -1 -1
0 -1 -1 -1
0 -1 -1 -1
0 -1 2 16
0 -1 3 17
0 -1 4 18
0 -1 5 19
0 -1 6 20
0 -1 7 21
0 -1 -1 -1
0 -1 -1 -1
0 -1 10 24
0 -1 11 25
0 -1 12 26
0 -1 13 27
0 -1 14 28
0 -1 15 29
0 -1 -1 -1
0 -1 -1 -1
0 -1 18 32
0 -1 19 33
0 -1 20 34
0 -1 21 35
0 -1 22 36
0 -1 23 37
0 -1 -1 -1
0 -1 -1 -1
0 -1 26 40
0 -1 27 41
0 -1 28 42
0 -1 29 43
0 -1 30 44
0 -1 31 45
0 -1 -1 -1
0 -1 -1 -1
0 -1 34 48
0 -1 35 49
0 -1 36 50
0 -1 37 51
0 -1 38 52
0 -1 39 53
0 -1 -1 -1
0 -1 -1 -1
0 -1 42 56
0 -1 43 57
0 -1 44 58
0 -1 45 59
0 -1 46 60
0 -1 47 61
0 -1 -1 -1
0 -1 -1 -1
0 -1 -1 -1
0 -1 -1 -1
0 -1 -1 -1
0 -1 -1 -1
0 -1 -1 -1
0 -1 -1 -1
0 -1 -1 -1
0 -1 -1 -1
0 -1 -1 -1
0 -1 -1 -1
0 -1 0 10
0 -1 1 11
0 -1 2 12
0 -1 3 13
0 -1 4 14
0 -1 5 15
0 -1 -1 -1
0 -1 -1 -1
0 -1 8 18
0 -1 9 19
0 -1 10 20
0 -1 11 21
0 -1 12 22
0 -1 13 23
0 -1 -1 -1
0 -1 -1 -1
0 -1 16 26
0 -1 17 27
0 -1 18 28
0 -1 19 29
0 -1 20 30
0 -1 21 31
0 -1 -1 -1
0 -1 -1 -1
0 -1 24 34
0 -1 25 35
0 -1 26 36
0 -1 27 37
0 -1 28 38
0 -1 29 39
0 -1 -1 -1
0 -1 -1 -1
0 -1 32 42
0 -1 33 43
0 -1 34 44
0 -1 35 45
0 -1 36 46
0 -1 37 47
0 -1 -1 -1
0 -1 -1 -1
0 -1 40 50
0 -1 41 51
0 -1 42 52
0 -1 43 53
0 -1 44 54
0 -1 45 55
0 -1 -1 -1
0 -1 -1 -1
0 -1 48 58
0 -1 49 59
0 -1 50 60
0 -1 51 61
0 -1 52 62
0 -1 53 63
0 -1 -1 -1
0 -1 -1 -1
0 -1 -1 -1
0 -1 -1 -1
0 -1 -1 -1
0 -1 -1 -1
0 -1 -1 -1
0 -1 -1 -1
0 -1 2 8
0 -1 3 9
0 -1 4 10
0 -1 5 11
0 -1 6 12
0 -1 7 13
0 -1 -1 -1
0 -1 -1 -1
0 -1 10 16
0 -1 11 17
0 -1 12 18
0 -1 13 19
0 -1 14 20
0 -1 15 21
0 -1 -1 -1
0 -1 -1 -1
0 -1 18 24
0 -1 19 25
0 -1 20 26
0 -1 21 27
0 -1 22 28
0 -1 23 29
0 -1 -1 -1
0 -1 -1 -1
0 -1 26 32
0 -1 27 33
0 -1 28 34
0 -1 29 35
0 -1 30 36
0 -1 31 37
0 -1 -1 -1
0 -1 -1 -1
0 -1 34 40
0 -1 35 41
0 -1 36 42
0 -1 37 43
0 -1 38 44
0 -1 39 45
0 -1 -1 -1
0 -1 -1 -1
0 -1 42 48
0 -1 43 49
0 -1 44 50
0 -1 45 51
0 -1 46 52
0 -1 47 53
0 -1 -1 -1
0 -1 -1 -1
0 -1 50 56
0 -1 51 57
0 -1 52 58
0 -1 53 59
0 -1 54 60
0 -1 55 61
0 -1 -1 -1
0 -1 -1 -1
0 -1 -1 -1
0 -1 -1 -1
0 -1 0 2
0 -1 1 3
0 -1 2 4
0 -1 3 5
0 -1 4 6
0 -1 5 7
0 -1 -1 -1
0 -1 -1 -1
0 -1 8 10
0 -1 9 11
0 -1 10 12
0 -1 11 13
0 -1 12 14
0 -1 13 15
0 -1 -1 -1
0 -1 -1 -1
0 -1 16 18
0 -1 17 19
0 -1 18 20
0 -1 19 21
0 -1 20 22
0 -1 21 23
0 -1 -1 -1
0 -1 -1 -1
0 -1 24 26
0 -1 25 27
0 -1 26 28
0 -1 27 29
0 -1 28 30
0 -1 29 31
0 -1 -1 -1
0 -1 -1 -1
0 -1 32 34
0 -1 33 35
0 -1 34 36
0 -1 35 37
0 -1 36 38
0 -1 37 39
0 -1 -1 -1
0 -1 -1 -1
0 -1 40 42
0 -1 41 43
0 -1 42 44
0 -1 43 45
0 -1 44 46
0 -1 45 47
0 -1 -1 -1
0 -1 -1 -1
0 -1 48 50
0 -1 49 51
0 -1 50 52
0 -1 51 53
0 -1 52 54
0 -1 53 55
0 -1 -1 -1
0 -1 -1 -1
0 -1 56 58
0 -1 57 59
0 -1 58 60
0 -1 59 61
0 -1 60 62
0 -1 61 63
0 -1 2 0
0 -1 3 1
0 -1 4 2
0 -1 5 3
0 -1 6 4
0 -1 7 5
0 -1 -1 -1
0 -1 -1 -1
0 -1 10 8
0 -1 11 9
0 -1 12 10
0 -1 13 11
0 -1 14 12
0 -1 15 13
0 -1 -1 -1
0 -1 -1 -1
0 -1 18 16
0 -1 19 17
0 -1 20 18
0 -1 21 19
0 -1 22 20
0 -1 23 21
0 -1 -1 -1
0 -1 -1 -1
0 -1 26 24
0 -1 27 25
0 -1 28 26
0 -1 29 27
0 -1 30 28
0 -1 31 29
0 -1 -1 -1
0 -1 -1 -1
0 -1 34 32
0 -1 35 33
0 -1 36 34
0 -1 37 35
0 -1 38 36
0 -1 39 37
0 -1 -1 -1
0 -1 -1 -1
0 -1 42 40
0 -1 43 41
0 -1 44 42
0 -1 45 43
0 -1 46 44
0 -1 47 45
0 -1 -1 -1
0 -1 -1 -1
0 -1 50 48
0 -1 51 49
0 -1 52 50
0 -1 53 51
0 -1 54 52
0 -1 55 53
0 -1 -1 -1
0 -1 -1 -1
0 -1 58 56
0 -1 59 57
0 -1 60 58
0 -1 61 59
0 -1 62 60
0 -1 63 61
0 -1 -1 -1
0 -1 -1 -1
0 -1 -1 -1
0 -1 -1 -1
0 -1 8 2
0 -1 9 3
0 -1 10 4
0 -1 11 5
0 -1 12 6
0 -1 13 7
0 -1 -1 -1
0 -1 -1 -1
0 -1 16 10
0 -1 17 11
0 -1 18 12
0 -1 19 13
0 -1 20 14
0 -1 21 15
0 -1 -1 -1
0 -1 -1 -1
0 -1 24 18
0 -1 25 19
0 -1 26 20
0 -1 27 21
0 -1 28 22
0 -1 29 23
0 -1 -1 -1
0 -1 -1 -1
0 -1 32 26
0 -1 33 27
0 -1 34 28
0 -1 35 29
0 -1 36 30
0 -1 37 31
0 -1 -1 -1
0 -1 -1 -1
0 -1 40 34
0 -1 41 35
0 -1 42 36
0 -1 43 37
0 -1 44 38
0 -1 45 39
0 -1 -1 -1
0 -1 -1 -1
0 -1 48 42
0 -1 49 43
0 -1 50 44
0 -1 51 45
0 -1 52 46
0 -1 53 47
0 -1 -1 -1
0 -1 -1 -1
0 -1 56 50
0 -1 57 51
0 -1 58 52
0 -1 59 53
0 -1 60 54
0 -1 61 55
0 -1 -1 -1
0 -1 -1 -1
0 -1 -1 -1
0 -1 -1 -1
0 -1 -1 -1
0 -1 -1 -1
0 -1 -1 -1
0 -1 -1 -1
0 -1 10 0
0 -1 11 1
0 -1 12 2
0 -1 13 3
0 -1 14 4
0 -1 15 5
0 -1 -1 -1
0 -1 -1 -1
0 -1 18 8
0 -1 19 9
0 -1 20 10
0 -1 21 11
0 -1 22 12
0 -1 23 13
0 -1 -1 -1
0 -1 -1 -1
0 -1 26 16
0 -1 27 17
0 -1 28 18
0 -1 29 19
0 -1 30 20
0 -1 31 21
0 -1 -1 -1
0 -1 -1 -1
0 -1 34 24
0 -1 35 25
0 -1 36 26
0 -1 37 27
0 -1 38 28
0 -1 39 29
0 -1 -1 -1
0 -1 -1 -1
0 -1 42 32
0 -1 43 33
0 -1 44 34
0 -1 45 35
0 -1 46 36
0 -1 47 37
0 -1 -1 -1
0 -1 -1 -1
0 -1 50 40
0 -1 51 41
0 -1 52 42
0 -1 53 43
0 -1 54 44
0 -1 55 45
0 -1 -1 -1
0 -1 -1 -1
0 -1 58 48
0 -1 59 49
0 -1 60 50
0 -1 61 51
0 -1 62 52
0 -1 63 53
0 -1 -1 -1
0 -1 -1 -1
0 -1 -1 -1
0 -1 -1 -1
0 -1 -1 -1
0 -1 -1 -1
0 -1 -1 -1
0 -1 -1 -1
0 -1 -1 -1
0 -1 -1 -1
0 -1 -1 -1
0 -1 -1 -1
0 -1 16 2
0 -1 17 3
0 -1 18 4
0 -1 19 5
0 -1 20 6
0 -1 21 7
0 -1 -1 -1
0 -1 -1 -1
0 -1 24 10
0 -1 25 11
0 -1 26 12
0 -1 27 13
0 -1 28 14
0 -1 29 15
0 -1 -1 -1
0 -1 -1 -1
0 -1 32 18
0 -1 33 19
0 -1 34 20
0 -1 35 21
0 -1 36 22
0 -1 37 23
0 -1 -1 -1
0 -1 -1 -1
0 -1 40 26
0 -1 41 27
0 -1 42 28
0 -1 43 29
0 -1 44 30
0 -1 45 31
0 -1 -1 -1
0 -1 -1 -1
0 -1 48 34
0 -1 49 35
0 -1 50 36
0 -1 51 37
0 -1 52 38
0 -1 53 39
0 -1 -1 -1
0 -1 -1 -1
0 -1 56 42
0 -1 57 43
0 -1 58 44
0 -1 59 45
0 -1 60 46
0 -1 61 47
0 -1 -1 -1
0 -1 -1 -1
0 -1 -1 -1
0 -1 -1 -1
0 -1 -1 -1
0 -1 -1 -1
0 -1 -1 -1
0 -1 -1 -1
0 -1 -1 -1
0 -1 -1 -1
0 -1 -1 -1
0 -1 -1 -1
0 -1 -1 -1
0 -1 -1 -1
0 -1 -1 -1
0 -1 -1 -1
0 -1 -1 -1
0 -1 16 1
0 -1 17 2
0 -1 18 3
0 -1 19 4
0 -1 20 5
0 -1 21 6
0 -1 22 7
0 -1 -1 -1
0 -1 24 9
0 -1 25 10
0 -1 26 11
0 -1 27 12
0 -1 28 13
0 -1 29 14
0 -1 30 15
0 -1 -1 -1
0 -1 32 17
0 -1 33 18
0 -1 34 19
0 -1 35 20
0 -1 36 21
0 -1 37 22
0 -1 38 23
0 -1 -1 -1
0 -1 40 25
0 -1 41 26
0 -1 42 27
0 -1 43 28
0 -1 44 29
0 -1 45 30
0 -1 46 31
0 -1 -1 -1
0 -1 48 33
0 -1 49 34
0 -1 50 35
0 -1 51 36
0 -1 52 37
0 -1 53 38
0 -1 54 39
0 -1 -1 -1
0 -1 56 41
0 -1 57 42
0 -1 58 43
0 -1 59 44
0 -1 60 45
0 -1 61 46
0 -1 62 47
0 -1 -1 -1
0 -1 -1 -1
0 -1 -1 -1
0 -1 -1 -1
0 -1 -1 -1
0 -1 -1 -1
0 -1 -1 -1
0 -1 -1 -1
0 -1 -1 -1
0 -1 -1 -1
0 -1 -1 -1
0 -1 -1 -1
0 -1 -1 -1
0 -1 -1 -1
0 -1 -1 -1
0 -1 -1 -1
0 -1 16 0
0 -1 17 1
0 -1 18 2
0 -1 19 3
0 -1 20 4
0 -1 21 5
0 -1 22 6
0 -1 23 7
0 -1 24 8
0 -1 25 9
0 -1 26 10
0 -1 27 11
0 -1 28 12
0 -1 29 13
0 -1 30 14
0 -1 31 15
0 -1 32 16
0 -1 33 17
0 -1 34 18
0 -1 35 19
0 -1 36 20
0 -1 37 21
0 -1 38 22
0 -1 39 23
0 -1 40 24
0 -1 41 25
0 -1 42 26
0 -1 43 27
0 -1 44 28
0 -1 45 29
0 -1 46 30
0 -1 47 31
0 -1 48 32
0 -1 49 33
0 -1 50 34
0 -1 51 35
0 -1 52 36
0 -1 53 37
0 -1 54 38
0 -1 55 39
0 -1 56 40
0 -1 57 41
0 -1 58 42
0 -1 59 43
0 -1 60 44
0 -1 61 45
0 -1 62 46
0 -1 63 47
0 -1 -1 -1
0 -1 -1 -1
0 -1 -1 -1
0 -1 -1 -1
0 -1 -1 -1
0 -1 -1 -1
0 -1 -1 -1
0 -1 -1 -1
0 -1 -1 -1
0 -1 -1 -1
0 -1 -1 -1
0 -1 -1 -1
0 -1 -1 -1
0 -1 -1 -1
0 -1 -1 -1
0 -1 -1 -1
0 -1 17 0
0 -1 18 1
0 -1 19 2
0 -1 20 3
0 -1 21 4
0 -1 22 5
0 -1 23 6
0 -1 -1 -1
0 -1 25 8
0 -1 26 9
0 -1 27 10
0 -1 28 11
0 -1 29 12
0 -1 30 13
0 -1 31 14
0 -1 -1 -1
0 -1 33 16
0 -1 34 17
0 -1 35 18
0 -1 36 19
0 -1 37 20
0 -1 38 21
0 -1 39 22
0 -1 -1 -1
0 -1 41 24
0 -1 42 25
0 -1 43 26
0 -1 44 27
0 -1 45 28
0 -1 46 29
0 -1 47 30
0 -1 -1 -1
0 -1 49 32
0 -1 50 33
0 -1 51 34
0 -1 52 35
0 -1 53 36
0 -1 54 37
0 -1 55 38
0 -1 -1 -1
0 -1 57 40
0 -1 58 41
0 -1 59 42
0 -1 60 43
0 -1 61 44
0 -1 62 45
0 -1 63 46
0 -1 -1 -1
0 -1 -1 -1
0 -1 -1 -1
0 -1 -1 -1
0 -1 -1 -1
0 -1 -1 -1
0 -1 -1 -1
0 -1 -1 -1
0 -1 -1 -1
0 -1 -1 -1
0 -1 -1 -1
0 -1 -1 -1
0 -1 -1 -1
0 -1 -1 -1
0 -1 -1 -1
0 -1 -1 -1
0 -1 -1 -1
0 -1 18 0
0 -1 19 1
0 -1 20 2
0 -1 21 3
0 -1 22 4
0 -1 23 5
0 -1 -1 -1
0 -1 -1 -1
0 -1 26 8
0 -1 27 9
0 -1 28 10
0 -1 29 11
0 -1 30 12
0 -1 31 13
0 -1 -1 -1
0 -1 -1 -1
0 -1 34 16
0 -1 35 17
0 -1 36 18
0 -1 37 19
0 -1 38 20
0 -1 39 21
0 -1 -1 -1
0 -1 -1 -1
0 -1 42 24
0 -1 43 25
0 -1 44 26
0 -1 45 27
0 -1 46 28
0 -1 47 29
0 -1 -1 -1
0 -1 -1 -1
0 -1 50 32
0 -1 51 33
0 -1 52 34
0 -1 53 35
0 -1 54 36
0 -1 55 37
0 -1 -1 -1
0 -1 -1 -1
0 -1 58 40
0 -1 59 41
0 -1 60 42
0 -1 61 43
0 -1 62 44
0 -1 63 45
0 -1 -1 -1
0 -1 -1 -1
0 -1 -1 -1
0 -1 -1 -1
0 -1 -1 -1
0 -1 -1 -1
0 -1 -1 -1
0 -1 -1 -1
0 -1 -1 -1
0 -1 -1 -1
0 -1 -1 -1
0 -1 -1 -1
0 -1 -1 -1
0 -1 -1 -1
0 -1 -1 -1
0 -1 -1 -1
0 -1 -1 -1
0 -1 -1 -1
1 -1 -1 -1
=
