1
2
3
4
5
6
7
8
9
16
18
24
27
32
36
40
45
48
54
56
63
88
90
91
92
93
94
95
96
97
98
105
107
113
116
121
125
129
134
137
143
145
176
177
179
180
181
182
183
185
186
187
192
194
196
202
205
210
214
218
223
226
234
264
265
266
268
269
270
271
274
275
276
281
283
285
288
291
294
299
303
307
315
323
352
353
354
355
357
358
359
363
364
365
370
372
374
377
380
383
384
388
396
404
412
440
441
442
443
444
446
447
452
453
454
459
461
463
466
469
473
477
480
485
493
501
528
529
530
531
532
533
535
541
542
543
548
550
555
558
562
566
569
574
576
582
590
616
617
618
619
620
621
622
630
631
637
639
644
647
651
655
658
663
665
671
672
679
704
705
713
714
715
716
717
718
719
720
721
728
730
736
739
744
748
752
757
760
766
792
793
794
800
802
803
804
805
806
807
808
809
810
817
819
825
828
833
837
841
846
849
855
881
882
883
888
889
891
892
893
894
895
897
898
899
904
906
908
914
917
922
926
930
935
938
970
971
972
976
977
978
980
981
982
983
986
987
988
993
995
997
1000
1003
1006
1011
1015
1019
1027
1059
1060
1061
1064
1065
1066
1067
1069
1070
1071
1075
1076
1077
1082
1084
1086
1089
1092
1095
1096
1100
1108
1116
1148
1149
1150
1152
1153
1154
1155
1156
1158
1159
1164
1165
1166
1171
1173
1175
1178
1181
1185
1189
1192
1197
1205
1237
1238
1239
1240
1241
1242
1243
1244
1245
1247
1253
1254
1255
1260
1262
1267
1270
1274
1278
1281
1286
1288
1294
1326
1327
1328
1329
1330
1331
1332
1333
1334
1342
1343
1349
1351
1356
1359
1363
1367
1370
1375
1377
1383
1408
1410
1416
1417
1425
1426
1427
1428
1429
1430
1431
1432
1433
1440
1442
1448
1451
1456
1460
1464
1469
1497
1499
1504
1505
1506
1512
1514
1515
1516
1517
1518
1519
1520
1521
1522
1529
1531
1537
1540
1545
1549
1553
1558
1584
1586
1588
1593
1594
1595
1600
1601
1603
1604
1605
1606
1607
1609
1610
1611
1616
1618
1620
1626
1629
1634
1638
1642
1647
1673
1675
1677
1682
1683
1684
1688
1689
1690
1692
1693
1694
1695
1698
1699
1700
1705
1707
1709
1712
1715
1718
1723
1727
1731
1762
1764
1766
1771
1772
1773
1776
1777
1778
1779
1781
1782
1783
1787
1788
1789
1794
1796
1798
1801
1804
1807
1808
1812
1820
1851
1853
1855
1860
1861
1862
1864
1865
1866
1867
1868
1870
1871
1876
1877
1878
1883
1885
1887
1890
1893
1897
1901
1904
1909
1940
1942
1949
1950
1951
1952
1953
1954
1955
1956
1957
1959
1965
1966
1967
1972
1974
1979
1982
1986
1990
1993
1998
2029
2031
2038
2039
2040
2041
2042
2043
2044
2045
2046
2054
2055
2061
2063
2068
2071
2075
2079
2082
2087
2112
2115
2120
2122
2128
2129
2137
2138
2139
2140
2141
2142
2143
2144
2145
2152
2154
2160
2163
2168
2172
2201
2204
2209
2211
2216
2217
2218
2224
2226
2227
2228
2229
2230
2231
2232
2233
2234
2241
2243
2249
2252
2257
2261
2290
2293
2296
2298
2300
2305
2306
2307
2312
2313
2315
2316
2317
2318
2319
2321
2322
2323
2328
2330
2332
2338
2341
2346
2350
2376
2379
2382
2385
2387
2389
2394
2395
2396
2400
2401
2402
2404
2405
2406
2407
2410
2411
2412
2417
2419
2421
2424
2427
2430
2435
2439
2465
2468
2471
2474
2476
2478
2483
2484
2485
2488
2489
2490
2491
2493
2494
2495
2499
2500
2501
2506
2508
2510
2513
2516
2519
2520
2524
2554
2557
2563
2565
2567
2572
2573
2574
2576
2577
2578
2579
2580
2582
2583
2588
2589
2590
2595
2597
2599
2602
2605
2609
2613
2643
2646
2652
2654
2661
2662
2663
2664
2665
2666
2667
2668
2669
2671
2677
2678
2679
2684
2686
2691
2694
2698
2702
2732
2735
2741
2743
2750
2751
2752
2753
2754
2755
2756
2757
2758
2766
2767
2773
2775
2780
2783
2787
2791
2816
2820
2824
2827
2832
2834
2840
2841
2849
2850
2851
2852
2853
2854
2855
2856
2857
2864
2866
2872
2875
2905
2909
2913
2916
2921
2923
2928
2929
2930
2936
2938
2939
2940
2941
2942
2943
2944
2945
2946
2953
2955
2961
2964
2994
2998
3002
3005
3008
3010
3012
3017
3018
3019
3024
3025
3027
3028
3029
3030
3031
3033
3034
3035
3040
3042
3044
3050
3053
3083
3087
3088
3091
3094
3097
3099
3101
3106
3107
3108
3112
3113
3114
3116
3117
3118
3119
3122
3123
3124
3129
3131
3133
3136
3139
3142
3168
3172
3177
3180
3183
3186
3188
3190
3195
3196
3197
3200
3201
3202
3203
3205
3206
3207
3211
3212
3213
3218
3220
3222
3225
3228
3231
3257
3261
3266
3269
3275
3277
3279
3284
3285
3286
3288
3289
3290
3291
3292
3294
3295
3300
3301
3302
3307
3309
3311
3314
3317
3346
3350
3355
3358
3364
3366
3373
3374
3375
3376
3377
3378
3379
3380
3381
3383
3389
3390
3391
3396
3398
3403
3406
3435
3439
3444
3447
3453
3455
3462
3463
3464
3465
3466
3467
3468
3469
3470
3478
3479
3485
3487
3492
3495
3520
3525
3528
3532
3536
3539
3544
3546
3552
3553
3561
3562
3563
3564
3565
3566
3567
3568
3569
3576
3578
3609
3614
3617
3621
3625
3628
3633
3635
3640
3641
3642
3648
3650
3651
3652
3653
3654
3655
3656
3657
3658
3665
3667
3698
3703
3706
3710
3714
3717
3720
3722
3724
3729
3730
3731
3736
3737
3739
3740
3741
3742
3743
3745
3746
3747
3752
3754
3756
3787
3795
3799
3800
3803
3806
3809
3811
3813
3818
3819
3820
3824
3825
3826
3828
3829
3830
3831
3834
3835
3836
3841
3843
3845
3876
3880
3884
3889
3892
3895
3898
3900
3902
3907
3908
3909
3912
3913
3914
3915
3917
3918
3919
3923
3924
3925
3930
3932
3934
3960
3965
3969
3973
3978
3981
3987
3989
3991
3996
3997
3998
4000
4001
4002
4003
4004
4006
4007
4012
4013
4014
4019
4021
4023
4049
4054
4058
4062
4067
4070
4076
4078
4085
4086
4087
4088
4089
4090
4091
4092
4093
4095
4101
4102
4103
4108
4110
4138
4143
4147
4151
4156
4159
4165
4167
4174
4175
4176
4177
4178
4179
4180
4181
4182
4190
4191
4197
4199
4224
4230
4232
4237
4240
4244
4248
4251
4256
4258
4264
4265
4273
4274
4275
4276
4277
4278
4279
4280
4281
4313
4319
4321
4326
4329
4333
4337
4340
4345
4347
4352
4353
4354
4360
4362
4363
4364
4365
4366
4367
4368
4369
4370
4402
4410
4415
4418
4422
4426
4429
4432
4434
4436
4441
4442
4443
4448
4449
4451
4452
4453
4454
4455
4457
4458
4459
4491
4499
4507
4511
4512
4515
4518
4521
4523
4525
4530
4531
4532
4536
4537
4538
4540
4541
4542
4543
4546
4547
4548
4580
4588
4592
4596
4601
4604
4607
4610
4612
4614
4619
4620
4621
4624
4625
4626
4627
4629
4630
4631
4635
4636
4637
4669
4672
4677
4681
4685
4690
4693
4699
4701
4703
4708
4709
4710
4712
4713
4714
4715
4716
4718
4719
4724
4725
4726
4752
4758
4761
4766
4770
4774
4779
4782
4788
4790
4797
4798
4799
4800
4801
4802
4803
4804
4805
4807
4813
4814
4815
4841
4847
4850
4855
4859
4863
4868
4871
4877
4879
4886
4887
4888
4889
4890
4891
4892
4893
4894
4902
4903
4928
4935
4936
4942
4944
4949
4952
4956
4960
4963
4968
4970
4976
4977
4985
4986
4987
4988
4989
4990
4991
5017
5025
5031
5033
5038
5041
5045
5049
5052
5057
5059
5064
5065
5066
5072
5074
5075
5076
5077
5078
5079
5106
5114
5122
5127
5130
5134
5138
5141
5144
5146
5148
5153
5154
5155
5160
5161
5163
5164
5165
5166
5167
5195
5203
5211
5219
5223
5224
5227
5230
5233
5235
5237
5242
5243
5244
5248
5249
5250
5252
5253
5254
5255
5284
5292
5300
5304
5308
5313
5316
5319
5322
5324
5326
5331
5332
5333
5336
5337
5338
5339
5341
5342
5343
5373
5381
5384
5389
5393
5397
5402
5405
5411
5413
5415
5420
5421
5422
5424
5425
5426
5427
5428
5430
5431
5462
5464
5470
5473
5478
5482
5486
5491
5494
5500
5502
5509
5510
5511
5512
5513
5514
5515
5516
5517
5519
5544
5551
5553
5559
5562
5567
5571
5575
5580
5583
5589
5591
5598
5599
5600
5601
5602
5603
5604
5605
5606
10
17
99
104
106
184
188
193
195
273
277
282
284
362
366
371
373
451
455
460
462
540
549
551
629
638
706
722
729
795
811
816
818
880
884
896
900
905
907
969
973
985
989
994
996
1058
1062
1074
1078
1083
1085
1147
1151
1163
1167
1172
1174
1236
1252
1261
1263
1325
1341
1350
1409
1418
1434
1441
1496
1498
1507
1523
1528
1530
1585
1587
1592
1596
1608
1612
1617
1619
1674
1676
1681
1685
1697
1701
1706
1708
1763
1765
1770
1774
1786
1790
1795
1797
1852
1854
1859
1863
1875
1879
1884
1886
1941
1943
1948
1964
1973
1975
2030
2037
2053
2062
2121
2130
2146
2153
2208
2210
2219
2235
2240
2242
2297
2299
2304
2308
2320
2324
2329
2331
2386
2388
2393
2397
2409
2413
2418
2420
2475
2477
2482
2486
2498
2502
2507
2509
2564
2566
2571
2575
2587
2591
2596
2598
2653
2655
2660
2676
2685
2687
2742
2749
2765
2774
2833
2842
2858
2865
2920
2922
2931
2947
2952
2954
3009
3011
3016
3020
3032
3036
3041
3043
3098
3100
3105
3109
3121
3125
3130
3132
3187
3189
3194
3198
3210
3214
3219
3221
3276
3278
3283
3287
3299
3303
3308
3310
3365
3367
3372
3388
3397
3399
3454
3461
3477
3486
3545
3554
3570
3577
3632
3634
3643
3659
3664
3666
3721
3723
3728
3732
3744
3748
3753
3755
3810
3812
3817
3821
3833
3837
3842
3844
3899
3901
3906
3910
3922
3926
3931
3933
3988
3990
3995
3999
4011
4015
4020
4022
4077
4079
4084
4100
4109
4111
4166
4173
4189
4198
4257
4266
4282
4344
4346
4355
4371
4433
4435
4440
4444
4456
4460
4522
4524
4529
4533
4545
4549
4611
4613
4618
4622
4634
4638
4700
4702
4707
4711
4723
4727
4789
4791
4796
4812
4878
4885
4901
4969
4978
5056
5058
5067
5145
5147
5152
5156
5234
5236
5241
5245
5323
5325
5330
5334
5412
5414
5419
5423
5501
5503
5508
5590
5597
4288
4291
4376
4379
4382
4467
4470
4473
4558
4561
4564
4649
4652
4655
4740
4743
4746
4831
4834
4837
4922
4925
4289
4292
4377
4380
4383
4468
4471
4474
4559
4562
4565
4650
4653
4656
4741
4744
4747
4832
4835
4838
4923
4926
4290
4293
4378
4381
4384
4469
4472
4475
4560
4563
4566
4651
4654
4657
4742
4745
4748
4833
4836
4839
4924
4927
4291
4294
4379
4382
4385
4470
4473
4476
4561
4564
4567
4652
4655
4658
4743
4746
4749
4834
4837
4840
4925
4928
