0,1,0,0,0,0,0,1,
0,2,0,0,0,0,0,1,
0,3,0,0,0,0,0,1,
0,4,0,0,0,0,0,1,
0,5,0,0,0,0,0,1,
0,6,0,0,0,0,0,1,
0,7,0,0,0,0,0,1,
0,8,0,0,0,0,0,1,
0,9,0,0,0,0,0,1,
0,16,0,0,0,0,0,1,
0,18,0,0,0,0,0,1,
0,24,0,0,0,0,0,1,
0,27,0,0,0,0,0,1,
0,32,0,0,0,0,0,1,
0,36,0,0,0,0,0,1,
0,40,0,0,0,0,0,1,
0,45,0,0,0,0,0,1,
0,48,0,0,0,0,0,1,
0,54,0,0,0,0,0,1,
0,56,0,0,0,0,0,1,
0,63,0,0,0,0,0,1,
1,0,0,0,0,0,0,1,
1,2,0,0,0,0,0,1,
1,3,0,0,0,0,0,1,
1,4,0,0,0,0,0,1,
1,5,0,0,0,0,0,1,
1,6,0,0,0,0,0,1,
1,7,0,0,0,0,0,1,
1,8,0,0,0,0,0,1,
1,9,0,0,0,0,0,1,
1,10,0,0,0,0,0,1,
1,17,0,0,0,0,0,1,
1,19,0,0,0,0,0,1,
1,25,0,0,0,0,0,1,
1,28,0,0,0,0,0,1,
1,33,0,0,0,0,0,1,
1,37,0,0,0,0,0,1,
1,41,0,0,0,0,0,1,
1,46,0,0,0,0,0,1,
1,49,0,0,0,0,0,1,
1,55,0,0,0,0,0,1,
1,57,0,0,0,0,0,1,
2,0,0,0,0,0,0,1,
2,1,0,0,0,0,0,1,
2,3,0,0,0,0,0,1,
2,4,0,0,0,0,0,1,
2,5,0,0,0,0,0,1,
2,6,0,0,0,0,0,1,
2,7,0,0,0,0,0,1,
2,9,0,0,0,0,0,1,
2,10,0,0,0,0,0,1,
2,11,0,0,0,0,0,1,
2,16,0,0,0,0,0,1,
2,18,0,0,0,0,0,1,
2,20,0,0,0,0,0,1,
2,26,0,0,0,0,0,1,
2,29,0,0,0,0,0,1,
2,34,0,0,0,0,0,1,
2,38,0,0,0,0,0,1,
2,42,0,0,0,0,0,1,
2,47,0,0,0,0,0,1,
2,50,0,0,0,0,0,1,
2,58,0,0,0,0,0,1,
3,0,0,0,0,0,0,1,
3,1,0,0,0,0,0,1,
3,2,0,0,0,0,0,1,
3,4,0,0,0,0,0,1,
3,5,0,0,0,0,0,1,
3,6,0,0,0,0,0,1,
3,7,0,0,0,0,0,1,
3,10,0,0,0,0,0,1,
3,11,0,0,0,0,0,1,
3,12,0,0,0,0,0,1,
3,17,0,0,0,0,0,1,
3,19,0,0,0,0,0,1,
3,21,0,0,0,0,0,1,
3,24,0,0,0,0,0,1,
3,27,0,0,0,0,0,1,
3,30,0,0,0,0,0,1,
3,35,0,0,0,0,0,1,
3,39,0,0,0,0,0,1,
3,43,0,0,0,0,0,1,
3,51,0,0,0,0,0,1,
3,59,0,0,0,0,0,1,
4,0,0,0,0,0,0,1,
4,1,0,0,0,0,0,1,
4,2,0,0,0,0,0,1,
4,3,0,0,0,0,0,1,
4,5,0,0,0,0,0,1,
4,6,0,0,0,0,0,1,
4,7,0,0,0,0,0,1,
4,11,0,0,0,0,0,1,
4,12,0,0,0,0,0,1,
4,13,0,0,0,0,0,1,
4,18,0,0,0,0,0,1,
4,20,0,0,0,0,0,1,
4,22,0,0,0,0,0,1,
4,25,0,0,0,0,0,1,
4,28,0,0,0,0,0,1,
4,31,0,0,0,0,0,1,
4,32,0,0,0,0,0,1,
4,36,0,0,0,0,0,1,
4,44,0,0,0,0,0,1,
4,52,0,0,0,0,0,1,
4,60,0,0,0,0,0,1,
5,0,0,0,0,0,0,1,
5,1,0,0,0,0,0,1,
5,2,0,0,0,0,0,1,
5,3,0,0,0,0,0,1,
5,4,0,0,0,0,0,1,
5,6,0,0,0,0,0,1,
5,7,0,0,0,0,0,1,
5,12,0,0,0,0,0,1,
5,13,0,0,0,0,0,1,
5,14,0,0,0,0,0,1,
5,19,0,0,0,0,0,1,
5,21,0,0,0,0,0,1,
5,23,0,0,0,0,0,1,
5,26,0,0,0,0,0,1,
5,29,0,0,0,0,0,1,
5,33,0,0,0,0,0,1,
5,37,0,0,0,0,0,1,
5,40,0,0,0,0,0,1,
5,45,0,0,0,0,0,1,
5,53,0,0,0,0,0,1,
5,61,0,0,0,0,0,1,
6,0,0,0,0,0,0,1,
6,1,0,0,0,0,0,1,
6,2,0,0,0,0,0,1,
6,3,0,0,0,0,0,1,
6,4,0,0,0,0,0,1,
6,5,0,0,0,0,0,1,
6,7,0,0,0,0,0,1,
6,13,0,0,0,0,0,1,
6,14,0,0,0,0,0,1,
6,15,0,0,0,0,0,1,
6,20,0,0,0,0,0,1,
6,22,0,0,0,0,0,1,
6,27,0,0,0,0,0,1,
6,30,0,0,0,0,0,1,
6,34,0,0,0,0,0,1,
6,38,0,0,0,0,0,1,
6,41,0,0,0,0,0,1,
6,46,0,0,0,0,0,1,
6,48,0,0,0,0,0,1,
6,54,0,0,0,0,0,1,
6,62,0,0,0,0,0,1,
7,0,0,0,0,0,0,1,
7,1,0,0,0,0,0,1,
7,2,0,0,0,0,0,1,
7,3,0,0,0,0,0,1,
7,4,0,0,0,0,0,1,
7,5,0,0,0,0,0,1,
7,6,0,0,0,0,0,1,
7,14,0,0,0,0,0,1,
7,15,0,0,0,0,0,1,
7,21,0,0,0,0,0,1,
7,23,0,0,0,0,0,1,
7,28,0,0,0,0,0,1,
7,31,0,0,0,0,0,1,
7,35,0,0,0,0,0,1,
7,39,0,0,0,0,0,1,
7,42,0,0,0,0,0,1,
7,47,0,0,0,0,0,1,
7,49,0,0,0,0,0,1,
7,55,0,0,0,0,0,1,
7,56,0,0,0,0,0,1,
7,63,0,0,0,0,0,1,
8,0,0,0,0,0,0,1,
8,1,0,0,0,0,0,1,
8,9,0,0,0,0,0,1,
8,10,0,0,0,0,0,1,
8,11,0,0,0,0,0,1,
8,12,0,0,0,0,0,1,
8,13,0,0,0,0,0,1,
8,14,0,0,0,0,0,1,
8,15,0,0,0,0,0,1,
8,16,0,0,0,0,0,1,
8,17,0,0,0,0,0,1,
8,24,0,0,0,0,0,1,
8,26,0,0,0,0,0,1,
8,32,0,0,0,0,0,1,
8,35,0,0,0,0,0,1,
8,40,0,0,0,0,0,1,
8,44,0,0,0,0,0,1,
8,48,0,0,0,0,0,1,
8,53,0,0,0,0,0,1,
8,56,0,0,0,0,0,1,
8,62,0,0,0,0,0,1,
9,0,0,0,0,0,0,1,
9,1,0,0,0,0,0,1,
9,2,0,0,0,0,0,1,
9,8,0,0,0,0,0,1,
9,10,0,0,0,0,0,1,
9,11,0,0,0,0,0,1,
9,12,0,0,0,0,0,1,
9,13,0,0,0,0,0,1,
9,14,0,0,0,0,0,1,
9,15,0,0,0,0,0,1,
9,16,0,0,0,0,0,1,
9,17,0,0,0,0,0,1,
9,18,0,0,0,0,0,1,
9,25,0,0,0,0,0,1,
9,27,0,0,0,0,0,1,
9,33,0,0,0,0,0,1,
9,36,0,0,0,0,0,1,
9,41,0,0,0,0,0,1,
9,45,0,0,0,0,0,1,
9,49,0,0,0,0,0,1,
9,54,0,0,0,0,0,1,
9,57,0,0,0,0,0,1,
9,63,0,0,0,0,0,1,
10,1,0,0,0,0,0,1,
10,2,0,0,0,0,0,1,
10,3,0,0,0,0,0,1,
10,8,0,0,0,0,0,1,
10,9,0,0,0,0,0,1,
10,11,0,0,0,0,0,1,
10,12,0,0,0,0,0,1,
10,13,0,0,0,0,0,1,
10,14,0,0,0,0,0,1,
10,15,0,0,0,0,0,1,
10,17,0,0,0,0,0,1,
10,18,0,0,0,0,0,1,
10,19,0,0,0,0,0,1,
10,24,0,0,0,0,0,1,
10,26,0,0,0,0,0,1,
10,28,0,0,0,0,0,1,
10,34,0,0,0,0,0,1,
10,37,0,0,0,0,0,1,
10,42,0,0,0,0,0,1,
10,46,0,0,0,0,0,1,
10,50,0,0,0,0,0,1,
10,55,0,0,0,0,0,1,
10,58,0,0,0,0,0,1,
11,2,0,0,0,0,0,1,
11,3,0,0,0,0,0,1,
11,4,0,0,0,0,0,1,
11,8,0,0,0,0,0,1,
11,9,0,0,0,0,0,1,
11,10,0,0,0,0,0,1,
11,12,0,0,0,0,0,1,
11,13,0,0,0,0,0,1,
11,14,0,0,0,0,0,1,
11,15,0,0,0,0,0,1,
11,18,0,0,0,0,0,1,
11,19,0,0,0,0,0,1,
11,20,0,0,0,0,0,1,
11,25,0,0,0,0,0,1,
11,27,0,0,0,0,0,1,
11,29,0,0,0,0,0,1,
11,32,0,0,0,0,0,1,
11,35,0,0,0,0,0,1,
11,38,0,0,0,0,0,1,
11,43,0,0,0,0,0,1,
11,47,0,0,0,0,0,1,
11,51,0,0,0,0,0,1,
11,59,0,0,0,0,0,1,
12,3,0,0,0,0,0,1,
12,4,0,0,0,0,0,1,
12,5,0,0,0,0,0,1,
12,8,0,0,0,0,0,1,
12,9,0,0,0,0,0,1,
12,10,0,0,0,0,0,1,
12,11,0,0,0,0,0,1,
12,13,0,0,0,0,0,1,
12,14,0,0,0,0,0,1,
12,15,0,0,0,0,0,1,
12,19,0,0,0,0,0,1,
12,20,0,0,0,0,0,1,
12,21,0,0,0,0,0,1,
12,26,0,0,0,0,0,1,
12,28,0,0,0,0,0,1,
12,30,0,0,0,0,0,1,
12,33,0,0,0,0,0,1,
12,36,0,0,0,0,0,1,
12,39,0,0,0,0,0,1,
12,40,0,0,0,0,0,1,
12,44,0,0,0,0,0,1,
12,52,0,0,0,0,0,1,
12,60,0,0,0,0,0,1,
13,4,0,0,0,0,0,1,
13,5,0,0,0,0,0,1,
13,6,0,0,0,0,0,1,
13,8,0,0,0,0,0,1,
13,9,0,0,0,0,0,1,
13,10,0,0,0,0,0,1,
13,11,0,0,0,0,0,1,
13,12,0,0,0,0,0,1,
13,14,0,0,0,0,0,1,
13,15,0,0,0,0,0,1,
13,20,0,0,0,0,0,1,
13,21,0,0,0,0,0,1,
13,22,0,0,0,0,0,1,
13,27,0,0,0,0,0,1,
13,29,0,0,0,0,0,1,
13,31,0,0,0,0,0,1,
13,34,0,0,0,0,0,1,
13,37,0,0,0,0,0,1,
13,41,0,0,0,0,0,1,
13,45,0,0,0,0,0,1,
13,48,0,0,0,0,0,1,
13,53,0,0,0,0,0,1,
13,61,0,0,0,0,0,1,
14,5,0,0,0,0,0,1,
14,6,0,0,0,0,0,1,
14,7,0,0,0,0,0,1,
14,8,0,0,0,0,0,1,
14,9,0,0,0,0,0,1,
14,10,0,0,0,0,0,1,
14,11,0,0,0,0,0,1,
14,12,0,0,0,0,0,1,
14,13,0,0,0,0,0,1,
14,15,0,0,0,0,0,1,
14,21,0,0,0,0,0,1,
14,22,0,0,0,0,0,1,
14,23,0,0,0,0,0,1,
14,28,0,0,0,0,0,1,
14,30,0,0,0,0,0,1,
14,35,0,0,0,0,0,1,
14,38,0,0,0,0,0,1,
14,42,0,0,0,0,0,1,
14,46,0,0,0,0,0,1,
14,49,0,0,0,0,0,1,
14,54,0,0,0,0,0,1,
14,56,0,0,0,0,0,1,
14,62,0,0,0,0,0,1,
15,6,0,0,0,0,0,1,
15,7,0,0,0,0,0,1,
15,8,0,0,0,0,0,1,
15,9,0,0,0,0,0,1,
15,10,0,0,0,0,0,1,
15,11,0,0,0,0,0,1,
15,12,0,0,0,0,0,1,
15,13,0,0,0,0,0,1,
15,14,0,0,0,0,0,1,
15,22,0,0,0,0,0,1,
15,23,0,0,0,0,0,1,
15,29,0,0,0,0,0,1,
15,31,0,0,0,0,0,1,
15,36,0,0,0,0,0,1,
15,39,0,0,0,0,0,1,
15,43,0,0,0,0,0,1,
15,47,0,0,0,0,0,1,
15,50,0,0,0,0,0,1,
15,55,0,0,0,0,0,1,
15,57,0,0,0,0,0,1,
15,63,0,0,0,0,0,1,
16,0,0,0,0,0,0,1,
16,2,0,0,0,0,0,1,
16,8,0,0,0,0,0,1,
16,9,0,0,0,0,0,1,
16,17,0,0,0,0,0,1,
16,18,0,0,0,0,0,1,
16,19,0,0,0,0,0,1,
16,20,0,0,0,0,0,1,
16,21,0,0,0,0,0,1,
16,22,0,0,0,0,0,1,
16,23,0,0,0,0,0,1,
16,24,0,0,0,0,0,1,
16,25,0,0,0,0,0,1,
16,32,0,0,0,0,0,1,
16,34,0,0,0,0,0,1,
16,40,0,0,0,0,0,1,
16,43,0,0,0,0,0,1,
16,48,0,0,0,0,0,1,
16,52,0,0,0,0,0,1,
16,56,0,0,0,0,0,1,
16,61,0,0,0,0,0,1,
17,1,0,0,0,0,0,1,
17,3,0,0,0,0,0,1,
17,8,0,0,0,0,0,1,
17,9,0,0,0,0,0,1,
17,10,0,0,0,0,0,1,
17,16,0,0,0,0,0,1,
17,18,0,0,0,0,0,1,
17,19,0,0,0,0,0,1,
17,20,0,0,0,0,0,1,
17,21,0,0,0,0,0,1,
17,22,0,0,0,0,0,1,
17,23,0,0,0,0,0,1,
17,24,0,0,0,0,0,1,
17,25,0,0,0,0,0,1,
17,26,0,0,0,0,0,1,
17,33,0,0,0,0,0,1,
17,35,0,0,0,0,0,1,
17,41,0,0,0,0,0,1,
17,44,0,0,0,0,0,1,
17,49,0,0,0,0,0,1,
17,53,0,0,0,0,0,1,
17,57,0,0,0,0,0,1,
17,62,0,0,0,0,0,1,
18,0,0,0,0,0,0,1,
18,2,0,0,0,0,0,1,
18,4,0,0,0,0,0,1,
18,9,0,0,0,0,0,1,
18,10,0,0,0,0,0,1,
18,11,0,0,0,0,0,1,
18,16,0,0,0,0,0,1,
18,17,0,0,0,0,0,1,
18,19,0,0,0,0,0,1,
18,20,0,0,0,0,0,1,
18,21,0,0,0,0,0,1,
18,22,0,0,0,0,0,1,
18,23,0,0,0,0,0,1,
18,25,0,0,0,0,0,1,
18,26,0,0,0,0,0,1,
18,27,0,0,0,0,0,1,
18,32,0,0,0,0,0,1,
18,34,0,0,0,0,0,1,
18,36,0,0,0,0,0,1,
18,42,0,0,0,0,0,1,
18,45,0,0,0,0,0,1,
18,50,0,0,0,0,0,1,
18,54,0,0,0,0,0,1,
18,58,0,0,0,0,0,1,
18,63,0,0,0,0,0,1,
19,1,0,0,0,0,0,1,
19,3,0,0,0,0,0,1,
19,5,0,0,0,0,0,1,
19,10,0,0,0,0,0,1,
19,11,0,0,0,0,0,1,
19,12,0,0,0,0,0,1,
19,16,0,0,0,0,0,1,
19,17,0,0,0,0,0,1,
19,18,0,0,0,0,0,1,
19,20,0,0,0,0,0,1,
19,21,0,0,0,0,0,1,
19,22,0,0,0,0,0,1,
19,23,0,0,0,0,0,1,
19,26,0,0,0,0,0,1,
19,27,0,0,0,0,0,1,
19,28,0,0,0,0,0,1,
19,33,0,0,0,0,0,1,
19,35,0,0,0,0,0,1,
19,37,0,0,0,0,0,1,
19,40,0,0,0,0,0,1,
19,43,0,0,0,0,0,1,
19,46,0,0,0,0,0,1,
19,51,0,0,0,0,0,1,
19,55,0,0,0,0,0,1,
19,59,0,0,0,0,0,1,
20,2,0,0,0,0,0,1,
20,4,0,0,0,0,0,1,
20,6,0,0,0,0,0,1,
20,11,0,0,0,0,0,1,
20,12,0,0,0,0,0,1,
20,13,0,0,0,0,0,1,
20,16,0,0,0,0,0,1,
20,17,0,0,0,0,0,1,
20,18,0,0,0,0,0,1,
20,19,0,0,0,0,0,1,
20,21,0,0,0,0,0,1,
20,22,0,0,0,0,0,1,
20,23,0,0,0,0,0,1,
20,27,0,0,0,0,0,1,
20,28,0,0,0,0,0,1,
20,29,0,0,0,0,0,1,
20,34,0,0,0,0,0,1,
20,36,0,0,0,0,0,1,
20,38,0,0,0,0,0,1,
20,41,0,0,0,0,0,1,
20,44,0,0,0,0,0,1,
20,47,0,0,0,0,0,1,
20,48,0,0,0,0,0,1,
20,52,0,0,0,0,0,1,
20,60,0,0,0,0,0,1,
21,3,0,0,0,0,0,1,
21,5,0,0,0,0,0,1,
21,7,0,0,0,0,0,1,
21,12,0,0,0,0,0,1,
21,13,0,0,0,0,0,1,
21,14,0,0,0,0,0,1,
21,16,0,0,0,0,0,1,
21,17,0,0,0,0,0,1,
21,18,0,0,0,0,0,1,
21,19,0,0,0,0,0,1,
21,20,0,0,0,0,0,1,
21,22,0,0,0,0,0,1,
21,23,0,0,0,0,0,1,
21,28,0,0,0,0,0,1,
21,29,0,0,0,0,0,1,
21,30,0,0,0,0,0,1,
21,35,0,0,0,0,0,1,
21,37,0,0,0,0,0,1,
21,39,0,0,0,0,0,1,
21,42,0,0,0,0,0,1,
21,45,0,0,0,0,0,1,
21,49,0,0,0,0,0,1,
21,53,0,0,0,0,0,1,
21,56,0,0,0,0,0,1,
21,61,0,0,0,0,0,1,
22,4,0,0,0,0,0,1,
22,6,0,0,0,0,0,1,
22,13,0,0,0,0,0,1,
22,14,0,0,0,0,0,1,
22,15,0,0,0,0,0,1,
22,16,0,0,0,0,0,1,
22,17,0,0,0,0,0,1,
22,18,0,0,0,0,0,1,
22,19,0,0,0,0,0,1,
22,20,0,0,0,0,0,1,
22,21,0,0,0,0,0,1,
22,23,0,0,0,0,0,1,
22,29,0,0,0,0,0,1,
22,30,0,0,0,0,0,1,
22,31,0,0,0,0,0,1,
22,36,0,0,0,0,0,1,
22,38,0,0,0,0,0,1,
22,43,0,0,0,0,0,1,
22,46,0,0,0,0,0,1,
22,50,0,0,0,0,0,1,
22,54,0,0,0,0,0,1,
22,57,0,0,0,0,0,1,
22,62,0,0,0,0,0,1,
23,5,0,0,0,0,0,1,
23,7,0,0,0,0,0,1,
23,14,0,0,0,0,0,1,
23,15,0,0,0,0,0,1,
23,16,0,0,0,0,0,1,
23,17,0,0,0,0,0,1,
23,18,0,0,0,0,0,1,
23,19,0,0,0,0,0,1,
23,20,0,0,0,0,0,1,
23,21,0,0,0,0,0,1,
23,22,0,0,0,0,0,1,
23,30,0,0,0,0,0,1,
23,31,0,0,0,0,0,1,
23,37,0,0,0,0,0,1,
23,39,0,0,0,0,0,1,
23,44,0,0,0,0,0,1,
23,47,0,0,0,0,0,1,
23,51,0,0,0,0,0,1,
23,55,0,0,0,0,0,1,
23,58,0,0,0,0,0,1,
23,63,0,0,0,0,0,1,
24,0,0,0,0,0,0,1,
24,3,0,0,0,0,0,1,
24,8,0,0,0,0,0,1,
24,10,0,0,0,0,0,1,
24,16,0,0,0,0,0,1,
24,17,0,0,0,0,0,1,
24,25,0,0,0,0,0,1,
24,26,0,0,0,0,0,1,
24,27,0,0,0,0,0,1,
24,28,0,0,0,0,0,1,
24,29,0,0,0,0,0,1,
24,30,0,0,0,0,0,1,
24,31,0,0,0,0,0,1,
24,32,0,0,0,0,0,1,
24,33,0,0,0,0,0,1,
24,40,0,0,0,0,0,1,
24,42,0,0,0,0,0,1,
24,48,0,0,0,0,0,1,
24,51,0,0,0,0,0,1,
24,56,0,0,0,0,0,1,
24,60,0,0,0,0,0,1,
25,1,0,0,0,0,0,1,
25,4,0,0,0,0,0,1,
25,9,0,0,0,0,0,1,
25,11,0,0,0,0,0,1,
25,16,0,0,0,0,0,1,
25,17,0,0,0,0,0,1,
25,18,0,0,0,0,0,1,
25,24,0,0,0,0,0,1,
25,26,0,0,0,0,0,1,
25,27,0,0,0,0,0,1,
25,28,0,0,0,0,0,1,
25,29,0,0,0,0,0,1,
25,30,0,0,0,0,0,1,
25,31,0,0,0,0,0,1,
25,32,0,0,0,0,0,1,
25,33,0,0,0,0,0,1,
25,34,0,0,0,0,0,1,
25,41,0,0,0,0,0,1,
25,43,0,0,0,0,0,1,
25,49,0,0,0,0,0,1,
25,52,0,0,0,0,0,1,
25,57,0,0,0,0,0,1,
25,61,0,0,0,0,0,1,
26,2,0,0,0,0,0,1,
26,5,0,0,0,0,0,1,
26,8,0,0,0,0,0,1,
26,10,0,0,0,0,0,1,
26,12,0,0,0,0,0,1,
26,17,0,0,0,0,0,1,
26,18,0,0,0,0,0,1,
26,19,0,0,0,0,0,1,
26,24,0,0,0,0,0,1,
26,25,0,0,0,0,0,1,
26,27,0,0,0,0,0,1,
26,28,0,0,0,0,0,1,
26,29,0,0,0,0,0,1,
26,30,0,0,0,0,0,1,
26,31,0,0,0,0,0,1,
26,33,0,0,0,0,0,1,
26,34,0,0,0,0,0,1,
26,35,0,0,0,0,0,1,
26,40,0,0,0,0,0,1,
26,42,0,0,0,0,0,1,
26,44,0,0,0,0,0,1,
26,50,0,0,0,0,0,1,
26,53,0,0,0,0,0,1,
26,58,0,0,0,0,0,1,
26,62,0,0,0,0,0,1,
27,0,0,0,0,0,0,1,
27,3,0,0,0,0,0,1,
27,6,0,0,0,0,0,1,
27,9,0,0,0,0,0,1,
27,11,0,0,0,0,0,1,
27,13,0,0,0,0,0,1,
27,18,0,0,0,0,0,1,
27,19,0,0,0,0,0,1,
27,20,0,0,0,0,0,1,
27,24,0,0,0,0,0,1,
27,25,0,0,0,0,0,1,
27,26,0,0,0,0,0,1,
27,28,0,0,0,0,0,1,
27,29,0,0,0,0,0,1,
27,30,0,0,0,0,0,1,
27,31,0,0,0,0,0,1,
27,34,0,0,0,0,0,1,
27,35,0,0,0,0,0,1,
27,36,0,0,0,0,0,1,
27,41,0,0,0,0,0,1,
27,43,0,0,0,0,0,1,
27,45,0,0,0,0,0,1,
27,48,0,0,0,0,0,1,
27,51,0,0,0,0,0,1,
27,54,0,0,0,0,0,1,
27,59,0,0,0,0,0,1,
27,63,0,0,0,0,0,1,
28,1,0,0,0,0,0,1,
28,4,0,0,0,0,0,1,
28,7,0,0,0,0,0,1,
28,10,0,0,0,0,0,1,
28,12,0,0,0,0,0,1,
28,14,0,0,0,0,0,1,
28,19,0,0,0,0,0,1,
28,20,0,0,0,0,0,1,
28,21,0,0,0,0,0,1,
28,24,0,0,0,0,0,1,
28,25,0,0,0,0,0,1,
28,26,0,0,0,0,0,1,
28,27,0,0,0,0,0,1,
28,29,0,0,0,0,0,1,
28,30,0,0,0,0,0,1,
28,31,0,0,0,0,0,1,
28,35,0,0,0,0,0,1,
28,36,0,0,0,0,0,1,
28,37,0,0,0,0,0,1,
28,42,0,0,0,0,0,1,
28,44,0,0,0,0,0,1,
28,46,0,0,0,0,0,1,
28,49,0,0,0,0,0,1,
28,52,0,0,0,0,0,1,
28,55,0,0,0,0,0,1,
28,56,0,0,0,0,0,1,
28,60,0,0,0,0,0,1,
29,2,0,0,0,0,0,1,
29,5,0,0,0,0,0,1,
29,11,0,0,0,0,0,1,
29,13,0,0,0,0,0,1,
29,15,0,0,0,0,0,1,
29,20,0,0,0,0,0,1,
29,21,0,0,0,0,0,1,
29,22,0,0,0,0,0,1,
29,24,0,0,0,0,0,1,
29,25,0,0,0,0,0,1,
29,26,0,0,0,0,0,1,
29,27,0,0,0,0,0,1,
29,28,0,0,0,0,0,1,
29,30,0,0,0,0,0,1,
29,31,0,0,0,0,0,1,
29,36,0,0,0,0,0,1,
29,37,0,0,0,0,0,1,
29,38,0,0,0,0,0,1,
29,43,0,0,0,0,0,1,
29,45,0,0,0,0,0,1,
29,47,0,0,0,0,0,1,
29,50,0,0,0,0,0,1,
29,53,0,0,0,0,0,1,
29,57,0,0,0,0,0,1,
29,61,0,0,0,0,0,1,
30,3,0,0,0,0,0,1,
30,6,0,0,0,0,0,1,
30,12,0,0,0,0,0,1,
30,14,0,0,0,0,0,1,
30,21,0,0,0,0,0,1,
30,22,0,0,0,0,0,1,
30,23,0,0,0,0,0,1,
30,24,0,0,0,0,0,1,
30,25,0,0,0,0,0,1,
30,26,0,0,0,0,0,1,
30,27,0,0,0,0,0,1,
30,28,0,0,0,0,0,1,
30,29,0,0,0,0,0,1,
30,31,0,0,0,0,0,1,
30,37,0,0,0,0,0,1,
30,38,0,0,0,0,0,1,
30,39,0,0,0,0,0,1,
30,44,0,0,0,0,0,1,
30,46,0,0,0,0,0,1,
30,51,0,0,0,0,0,1,
30,54,0,0,0,0,0,1,
30,58,0,0,0,0,0,1,
30,62,0,0,0,0,0,1,
31,4,0,0,0,0,0,1,
31,7,0,0,0,0,0,1,
31,13,0,0,0,0,0,1,
31,15,0,0,0,0,0,1,
31,22,0,0,0,0,0,1,
31,23,0,0,0,0,0,1,
31,24,0,0,0,0,0,1,
31,25,0,0,0,0,0,1,
31,26,0,0,0,0,0,1,
31,27,0,0,0,0,0,1,
31,28,0,0,0,0,0,1,
31,29,0,0,0,0,0,1,
31,30,0,0,0,0,0,1,
31,38,0,0,0,0,0,1,
31,39,0,0,0,0,0,1,
31,45,0,0,0,0,0,1,
31,47,0,0,0,0,0,1,
31,52,0,0,0,0,0,1,
31,55,0,0,0,0,0,1,
31,59,0,0,0,0,0,1,
31,63,0,0,0,0,0,1,
32,0,0,0,0,0,0,1,
32,4,0,0,0,0,0,1,
32,8,0,0,0,0,0,1,
32,11,0,0,0,0,0,1,
32,16,0,0,0,0,0,1,
32,18,0,0,0,0,0,1,
32,24,0,0,0,0,0,1,
32,25,0,0,0,0,0,1,
32,33,0,0,0,0,0,1,
32,34,0,0,0,0,0,1,
32,35,0,0,0,0,0,1,
32,36,0,0,0,0,0,1,
32,37,0,0,0,0,0,1,
32,38,0,0,0,0,0,1,
32,39,0,0,0,0,0,1,
32,40,0,0,0,0,0,1,
32,41,0,0,0,0,0,1,
32,48,0,0,0,0,0,1,
32,50,0,0,0,0,0,1,
32,56,0,0,0,0,0,1,
32,59,0,0,0,0,0,1,
33,1,0,0,0,0,0,1,
33,5,0,0,0,0,0,1,
33,9,0,0,0,0,0,1,
33,12,0,0,0,0,0,1,
33,17,0,0,0,0,0,1,
33,19,0,0,0,0,0,1,
33,24,0,0,0,0,0,1,
33,25,0,0,0,0,0,1,
33,26,0,0,0,0,0,1,
33,32,0,0,0,0,0,1,
33,34,0,0,0,0,0,1,
33,35,0,0,0,0,0,1,
33,36,0,0,0,0,0,1,
33,37,0,0,0,0,0,1,
33,38,0,0,0,0,0,1,
33,39,0,0,0,0,0,1,
33,40,0,0,0,0,0,1,
33,41,0,0,0,0,0,1,
33,42,0,0,0,0,0,1,
33,49,0,0,0,0,0,1,
33,51,0,0,0,0,0,1,
33,57,0,0,0,0,0,1,
33,60,0,0,0,0,0,1,
34,2,0,0,0,0,0,1,
34,6,0,0,0,0,0,1,
34,10,0,0,0,0,0,1,
34,13,0,0,0,0,0,1,
34,16,0,0,0,0,0,1,
34,18,0,0,0,0,0,1,
34,20,0,0,0,0,0,1,
34,25,0,0,0,0,0,1,
34,26,0,0,0,0,0,1,
34,27,0,0,0,0,0,1,
34,32,0,0,0,0,0,1,
34,33,0,0,0,0,0,1,
34,35,0,0,0,0,0,1,
34,36,0,0,0,0,0,1,
34,37,0,0,0,0,0,1,
34,38,0,0,0,0,0,1,
34,39,0,0,0,0,0,1,
34,41,0,0,0,0,0,1,
34,42,0,0,0,0,0,1,
34,43,0,0,0,0,0,1,
34,48,0,0,0,0,0,1,
34,50,0,0,0,0,0,1,
34,52,0,0,0,0,0,1,
34,58,0,0,0,0,0,1,
34,61,0,0,0,0,0,1,
35,3,0,0,0,0,0,1,
35,7,0,0,0,0,0,1,
35,8,0,0,0,0,0,1,
35,11,0,0,0,0,0,1,
35,14,0,0,0,0,0,1,
35,17,0,0,0,0,0,1,
35,19,0,0,0,0,0,1,
35,21,0,0,0,0,0,1,
35,26,0,0,0,0,0,1,
35,27,0,0,0,0,0,1,
35,28,0,0,0,0,0,1,
35,32,0,0,0,0,0,1,
35,33,0,0,0,0,0,1,
35,34,0,0,0,0,0,1,
35,36,0,0,0,0,0,1,
35,37,0,0,0,0,0,1,
35,38,0,0,0,0,0,1,
35,39,0,0,0,0,0,1,
35,42,0,0,0,0,0,1,
35,43,0,0,0,0,0,1,
35,44,0,0,0,0,0,1,
35,49,0,0,0,0,0,1,
35,51,0,0,0,0,0,1,
35,53,0,0,0,0,0,1,
35,56,0,0,0,0,0,1,
35,59,0,0,0,0,0,1,
35,62,0,0,0,0,0,1,
36,0,0,0,0,0,0,1,
36,4,0,0,0,0,0,1,
36,9,0,0,0,0,0,1,
36,12,0,0,0,0,0,1,
36,15,0,0,0,0,0,1,
36,18,0,0,0,0,0,1,
36,20,0,0,0,0,0,1,
36,22,0,0,0,0,0,1,
36,27,0,0,0,0,0,1,
36,28,0,0,0,0,0,1,
36,29,0,0,0,0,0,1,
36,32,0,0,0,0,0,1,
36,33,0,0,0,0,0,1,
36,34,0,0,0,0,0,1,
36,35,0,0,0,0,0,1,
36,37,0,0,0,0,0,1,
36,38,0,0,0,0,0,1,
36,39,0,0,0,0,0,1,
36,43,0,0,0,0,0,1,
36,44,0,0,0,0,0,1,
36,45,0,0,0,0,0,1,
36,50,0,0,0,0,0,1,
36,52,0,0,0,0,0,1,
36,54,0,0,0,0,0,1,
36,57,0,0,0,0,0,1,
36,60,0,0,0,0,0,1,
36,63,0,0,0,0,0,1,
37,1,0,0,0,0,0,1,
37,5,0,0,0,0,0,1,
37,10,0,0,0,0,0,1,
37,13,0,0,0,0,0,1,
37,19,0,0,0,0,0,1,
37,21,0,0,0,0,0,1,
37,23,0,0,0,0,0,1,
37,28,0,0,0,0,0,1,
37,29,0,0,0,0,0,1,
37,30,0,0,0,0,0,1,
37,32,0,0,0,0,0,1,
37,33,0,0,0,0,0,1,
37,34,0,0,0,0,0,1,
37,35,0,0,0,0,0,1,
37,36,0,0,0,0,0,1,
37,38,0,0,0,0,0,1,
37,39,0,0,0,0,0,1,
37,44,0,0,0,0,0,1,
37,45,0,0,0,0,0,1,
37,46,0,0,0,0,0,1,
37,51,0,0,0,0,0,1,
37,53,0,0,0,0,0,1,
37,55,0,0,0,0,0,1,
37,58,0,0,0,0,0,1,
37,61,0,0,0,0,0,1,
38,2,0,0,0,0,0,1,
38,6,0,0,0,0,0,1,
38,11,0,0,0,0,0,1,
38,14,0,0,0,0,0,1,
38,20,0,0,0,0,0,1,
38,22,0,0,0,0,0,1,
38,29,0,0,0,0,0,1,
38,30,0,0,0,0,0,1,
38,31,0,0,0,0,0,1,
38,32,0,0,0,0,0,1,
38,33,0,0,0,0,0,1,
38,34,0,0,0,0,0,1,
38,35,0,0,0,0,0,1,
38,36,0,0,0,0,0,1,
38,37,0,0,0,0,0,1,
38,39,0,0,0,0,0,1,
38,45,0,0,0,0,0,1,
38,46,0,0,0,0,0,1,
38,47,0,0,0,0,0,1,
38,52,0,0,0,0,0,1,
38,54,0,0,0,0,0,1,
38,59,0,0,0,0,0,1,
38,62,0,0,0,0,0,1,
39,3,0,0,0,0,0,1,
39,7,0,0,0,0,0,1,
39,12,0,0,0,0,0,1,
39,15,0,0,0,0,0,1,
39,21,0,0,0,0,0,1,
39,23,0,0,0,0,0,1,
39,30,0,0,0,0,0,1,
39,31,0,0,0,0,0,1,
39,32,0,0,0,0,0,1,
39,33,0,0,0,0,0,1,
39,34,0,0,0,0,0,1,
39,35,0,0,0,0,0,1,
39,36,0,0,0,0,0,1,
39,37,0,0,0,0,0,1,
39,38,0,0,0,0,0,1,
39,46,0,0,0,0,0,1,
39,47,0,0,0,0,0,1,
39,53,0,0,0,0,0,1,
39,55,0,0,0,0,0,1,
39,60,0,0,0,0,0,1,
39,63,0,0,0,0,0,1,
40,0,0,0,0,0,0,1,
40,5,0,0,0,0,0,1,
40,8,0,0,0,0,0,1,
40,12,0,0,0,0,0,1,
40,16,0,0,0,0,0,1,
40,19,0,0,0,0,0,1,
40,24,0,0,0,0,0,1,
40,26,0,0,0,0,0,1,
40,32,0,0,0,0,0,1,
40,33,0,0,0,0,0,1,
40,41,0,0,0,0,0,1,
40,42,0,0,0,0,0,1,
40,43,0,0,0,0,0,1,
40,44,0,0,0,0,0,1,
40,45,0,0,0,0,0,1,
40,46,0,0,0,0,0,1,
40,47,0,0,0,0,0,1,
40,48,0,0,0,0,0,1,
40,49,0,0,0,0,0,1,
40,56,0,0,0,0,0,1,
40,58,0,0,0,0,0,1,
41,1,0,0,0,0,0,1,
41,6,0,0,0,0,0,1,
41,9,0,0,0,0,0,1,
41,13,0,0,0,0,0,1,
41,17,0,0,0,0,0,1,
41,20,0,0,0,0,0,1,
41,25,0,0,0,0,0,1,
41,27,0,0,0,0,0,1,
41,32,0,0,0,0,0,1,
41,33,0,0,0,0,0,1,
41,34,0,0,0,0,0,1,
41,40,0,0,0,0,0,1,
41,42,0,0,0,0,0,1,
41,43,0,0,0,0,0,1,
41,44,0,0,0,0,0,1,
41,45,0,0,0,0,0,1,
41,46,0,0,0,0,0,1,
41,47,0,0,0,0,0,1,
41,48,0,0,0,0,0,1,
41,49,0,0,0,0,0,1,
41,50,0,0,0,0,0,1,
41,57,0,0,0,0,0,1,
41,59,0,0,0,0,0,1,
42,2,0,0,0,0,0,1,
42,7,0,0,0,0,0,1,
42,10,0,0,0,0,0,1,
42,14,0,0,0,0,0,1,
42,18,0,0,0,0,0,1,
42,21,0,0,0,0,0,1,
42,24,0,0,0,0,0,1,
42,26,0,0,0,0,0,1,
42,28,0,0,0,0,0,1,
42,33,0,0,0,0,0,1,
42,34,0,0,0,0,0,1,
42,35,0,0,0,0,0,1,
42,40,0,0,0,0,0,1,
42,41,0,0,0,0,0,1,
42,43,0,0,0,0,0,1,
42,44,0,0,0,0,0,1,
42,45,0,0,0,0,0,1,
42,46,0,0,0,0,0,1,
42,47,0,0,0,0,0,1,
42,49,0,0,0,0,0,1,
42,50,0,0,0,0,0,1,
42,51,0,0,0,0,0,1,
42,56,0,0,0,0,0,1,
42,58,0,0,0,0,0,1,
42,60,0,0,0,0,0,1,
43,3,0,0,0,0,0,1,
43,11,0,0,0,0,0,1,
43,15,0,0,0,0,0,1,
43,16,0,0,0,0,0,1,
43,19,0,0,0,0,0,1,
43,22,0,0,0,0,0,1,
43,25,0,0,0,0,0,1,
43,27,0,0,0,0,0,1,
43,29,0,0,0,0,0,1,
43,34,0,0,0,0,0,1,
43,35,0,0,0,0,0,1,
43,36,0,0,0,0,0,1,
43,40,0,0,0,0,0,1,
43,41,0,0,0,0,0,1,
43,42,0,0,0,0,0,1,
43,44,0,0,0,0,0,1,
43,45,0,0,0,0,0,1,
43,46,0,0,0,0,0,1,
43,47,0,0,0,0,0,1,
43,50,0,0,0,0,0,1,
43,51,0,0,0,0,0,1,
43,52,0,0,0,0,0,1,
43,57,0,0,0,0,0,1,
43,59,0,0,0,0,0,1,
43,61,0,0,0,0,0,1,
44,4,0,0,0,0,0,1,
44,8,0,0,0,0,0,1,
44,12,0,0,0,0,0,1,
44,17,0,0,0,0,0,1,
44,20,0,0,0,0,0,1,
44,23,0,0,0,0,0,1,
44,26,0,0,0,0,0,1,
44,28,0,0,0,0,0,1,
44,30,0,0,0,0,0,1,
44,35,0,0,0,0,0,1,
44,36,0,0,0,0,0,1,
44,37,0,0,0,0,0,1,
44,40,0,0,0,0,0,1,
44,41,0,0,0,0,0,1,
44,42,0,0,0,0,0,1,
44,43,0,0,0,0,0,1,
44,45,0,0,0,0,0,1,
44,46,0,0,0,0,0,1,
44,47,0,0,0,0,0,1,
44,51,0,0,0,0,0,1,
44,52,0,0,0,0,0,1,
44,53,0,0,0,0,0,1,
44,58,0,0,0,0,0,1,
44,60,0,0,0,0,0,1,
44,62,0,0,0,0,0,1,
45,0,0,0,0,0,0,1,
45,5,0,0,0,0,0,1,
45,9,0,0,0,0,0,1,
45,13,0,0,0,0,0,1,
45,18,0,0,0,0,0,1,
45,21,0,0,0,0,0,1,
45,27,0,0,0,0,0,1,
45,29,0,0,0,0,0,1,
45,31,0,0,0,0,0,1,
45,36,0,0,0,0,0,1,
45,37,0,0,0,0,0,1,
45,38,0,0,0,0,0,1,
45,40,0,0,0,0,0,1,
45,41,0,0,0,0,0,1,
45,42,0,0,0,0,0,1,
45,43,0,0,0,0,0,1,
45,44,0,0,0,0,0,1,
45,46,0,0,0,0,0,1,
45,47,0,0,0,0,0,1,
45,52,0,0,0,0,0,1,
45,53,0,0,0,0,0,1,
45,54,0,0,0,0,0,1,
45,59,0,0,0,0,0,1,
45,61,0,0,0,0,0,1,
45,63,0,0,0,0,0,1,
46,1,0,0,0,0,0,1,
46,6,0,0,0,0,0,1,
46,10,0,0,0,0,0,1,
46,14,0,0,0,0,0,1,
46,19,0,0,0,0,0,1,
46,22,0,0,0,0,0,1,
46,28,0,0,0,0,0,1,
46,30,0,0,0,0,0,1,
46,37,0,0,0,0,0,1,
46,38,0,0,0,0,0,1,
46,39,0,0,0,0,0,1,
46,40,0,0,0,0,0,1,
46,41,0,0,0,0,0,1,
46,42,0,0,0,0,0,1,
46,43,0,0,0,0,0,1,
46,44,0,0,0,0,0,1,
46,45,0,0,0,0,0,1,
46,47,0,0,0,0,0,1,
46,53,0,0,0,0,0,1,
46,54,0,0,0,0,0,1,
46,55,0,0,0,0,0,1,
46,60,0,0,0,0,0,1,
46,62,0,0,0,0,0,1,
47,2,0,0,0,0,0,1,
47,7,0,0,0,0,0,1,
47,11,0,0,0,0,0,1,
47,15,0,0,0,0,0,1,
47,20,0,0,0,0,0,1,
47,23,0,0,0,0,0,1,
47,29,0,0,0,0,0,1,
47,31,0,0,0,0,0,1,
47,38,0,0,0,0,0,1,
47,39,0,0,0,0,0,1,
47,40,0,0,0,0,0,1,
47,41,0,0,0,0,0,1,
47,42,0,0,0,0,0,1,
47,43,0,0,0,0,0,1,
47,44,0,0,0,0,0,1,
47,45,0,0,0,0,0,1,
47,46,0,0,0,0,0,1,
47,54,0,0,0,0,0,1,
47,55,0,0,0,0,0,1,
47,61,0,0,0,0,0,1,
47,63,0,0,0,0,0,1,
48,0,0,0,0,0,0,1,
48,6,0,0,0,0,0,1,
48,8,0,0,0,0,0,1,
48,13,0,0,0,0,0,1,
48,16,0,0,0,0,0,1,
48,20,0,0,0,0,0,1,
48,24,0,0,0,0,0,1,
48,27,0,0,0,0,0,1,
48,32,0,0,0,0,0,1,
48,34,0,0,0,0,0,1,
48,40,0,0,0,0,0,1,
48,41,0,0,0,0,0,1,
48,49,0,0,0,0,0,1,
48,50,0,0,0,0,0,1,
48,51,0,0,0,0,0,1,
48,52,0,0,0,0,0,1,
48,53,0,0,0,0,0,1,
48,54,0,0,0,0,0,1,
48,55,0,0,0,0,0,1,
48,56,0,0,0,0,0,1,
48,57,0,0,0,0,0,1,
49,1,0,0,0,0,0,1,
49,7,0,0,0,0,0,1,
49,9,0,0,0,0,0,1,
49,14,0,0,0,0,0,1,
49,17,0,0,0,0,0,1,
49,21,0,0,0,0,0,1,
49,25,0,0,0,0,0,1,
49,28,0,0,0,0,0,1,
49,33,0,0,0,0,0,1,
49,35,0,0,0,0,0,1,
49,40,0,0,0,0,0,1,
49,41,0,0,0,0,0,1,
49,42,0,0,0,0,0,1,
49,48,0,0,0,0,0,1,
49,50,0,0,0,0,0,1,
49,51,0,0,0,0,0,1,
49,52,0,0,0,0,0,1,
49,53,0,0,0,0,0,1,
49,54,0,0,0,0,0,1,
49,55,0,0,0,0,0,1,
49,56,0,0,0,0,0,1,
49,57,0,0,0,0,0,1,
49,58,0,0,0,0,0,1,
50,2,0,0,0,0,0,1,
50,10,0,0,0,0,0,1,
50,15,0,0,0,0,0,1,
50,18,0,0,0,0,0,1,
50,22,0,0,0,0,0,1,
50,26,0,0,0,0,0,1,
50,29,0,0,0,0,0,1,
50,32,0,0,0,0,0,1,
50,34,0,0,0,0,0,1,
50,36,0,0,0,0,0,1,
50,41,0,0,0,0,0,1,
50,42,0,0,0,0,0,1,
50,43,0,0,0,0,0,1,
50,48,0,0,0,0,0,1,
50,49,0,0,0,0,0,1,
50,51,0,0,0,0,0,1,
50,52,0,0,0,0,0,1,
50,53,0,0,0,0,0,1,
50,54,0,0,0,0,0,1,
50,55,0,0,0,0,0,1,
50,57,0,0,0,0,0,1,
50,58,0,0,0,0,0,1,
50,59,0,0,0,0,0,1,
51,3,0,0,0,0,0,1,
51,11,0,0,0,0,0,1,
51,19,0,0,0,0,0,1,
51,23,0,0,0,0,0,1,
51,24,0,0,0,0,0,1,
51,27,0,0,0,0,0,1,
51,30,0,0,0,0,0,1,
51,33,0,0,0,0,0,1,
51,35,0,0,0,0,0,1,
51,37,0,0,0,0,0,1,
51,42,0,0,0,0,0,1,
51,43,0,0,0,0,0,1,
51,44,0,0,0,0,0,1,
51,48,0,0,0,0,0,1,
51,49,0,0,0,0,0,1,
51,50,0,0,0,0,0,1,
51,52,0,0,0,0,0,1,
51,53,0,0,0,0,0,1,
51,54,0,0,0,0,0,1,
51,55,0,0,0,0,0,1,
51,58,0,0,0,0,0,1,
51,59,0,0,0,0,0,1,
51,60,0,0,0,0,0,1,
52,4,0,0,0,0,0,1,
52,12,0,0,0,0,0,1,
52,16,0,0,0,0,0,1,
52,20,0,0,0,0,0,1,
52,25,0,0,0,0,0,1,
52,28,0,0,0,0,0,1,
52,31,0,0,0,0,0,1,
52,34,0,0,0,0,0,1,
52,36,0,0,0,0,0,1,
52,38,0,0,0,0,0,1,
52,43,0,0,0,0,0,1,
52,44,0,0,0,0,0,1,
52,45,0,0,0,0,0,1,
52,48,0,0,0,0,0,1,
52,49,0,0,0,0,0,1,
52,50,0,0,0,0,0,1,
52,51,0,0,0,0,0,1,
52,53,0,0,0,0,0,1,
52,54,0,0,0,0,0,1,
52,55,0,0,0,0,0,1,
52,59,0,0,0,0,0,1,
52,60,0,0,0,0,0,1,
52,61,0,0,0,0,0,1,
53,5,0,0,0,0,0,1,
53,8,0,0,0,0,0,1,
53,13,0,0,0,0,0,1,
53,17,0,0,0,0,0,1,
53,21,0,0,0,0,0,1,
53,26,0,0,0,0,0,1,
53,29,0,0,0,0,0,1,
53,35,0,0,0,0,0,1,
53,37,0,0,0,0,0,1,
53,39,0,0,0,0,0,1,
53,44,0,0,0,0,0,1,
53,45,0,0,0,0,0,1,
53,46,0,0,0,0,0,1,
53,48,0,0,0,0,0,1,
53,49,0,0,0,0,0,1,
53,50,0,0,0,0,0,1,
53,51,0,0,0,0,0,1,
53,52,0,0,0,0,0,1,
53,54,0,0,0,0,0,1,
53,55,0,0,0,0,0,1,
53,60,0,0,0,0,0,1,
53,61,0,0,0,0,0,1,
53,62,0,0,0,0,0,1,
54,0,0,0,0,0,0,1,
54,6,0,0,0,0,0,1,
54,9,0,0,0,0,0,1,
54,14,0,0,0,0,0,1,
54,18,0,0,0,0,0,1,
54,22,0,0,0,0,0,1,
54,27,0,0,0,0,0,1,
54,30,0,0,0,0,0,1,
54,36,0,0,0,0,0,1,
54,38,0,0,0,0,0,1,
54,45,0,0,0,0,0,1,
54,46,0,0,0,0,0,1,
54,47,0,0,0,0,0,1,
54,48,0,0,0,0,0,1,
54,49,0,0,0,0,0,1,
54,50,0,0,0,0,0,1,
54,51,0,0,0,0,0,1,
54,52,0,0,0,0,0,1,
54,53,0,0,0,0,0,1,
54,55,0,0,0,0,0,1,
54,61,0,0,0,0,0,1,
54,62,0,0,0,0,0,1,
54,63,0,0,0,0,0,1,
55,1,0,0,0,0,0,1,
55,7,0,0,0,0,0,1,
55,10,0,0,0,0,0,1,
55,15,0,0,0,0,0,1,
55,19,0,0,0,0,0,1,
55,23,0,0,0,0,0,1,
55,28,0,0,0,0,0,1,
55,31,0,0,0,0,0,1,
55,37,0,0,0,0,0,1,
55,39,0,0,0,0,0,1,
55,46,0,0,0,0,0,1,
55,47,0,0,0,0,0,1,
55,48,0,0,0,0,0,1,
55,49,0,0,0,0,0,1,
55,50,0,0,0,0,0,1,
55,51,0,0,0,0,0,1,
55,52,0,0,0,0,0,1,
55,53,0,0,0,0,0,1,
55,54,0,0,0,0,0,1,
55,62,0,0,0,0,0,1,
55,63,0,0,0,0,0,1,
56,0,0,0,0,0,0,1,
56,7,0,0,0,0,0,1,
56,8,0,0,0,0,0,1,
56,14,0,0,0,0,0,1,
56,16,0,0,0,0,0,1,
56,21,0,0,0,0,0,1,
56,24,0,0,0,0,0,1,
56,28,0,0,0,0,0,1,
56,32,0,0,0,0,0,1,
56,35,0,0,0,0,0,1,
56,40,0,0,0,0,0,1,
56,42,0,0,0,0,0,1,
56,48,0,0,0,0,0,1,
56,49,0,0,0,0,0,1,
56,57,0,0,0,0,0,1,
56,58,0,0,0,0,0,1,
56,59,0,0,0,0,0,1,
56,60,0,0,0,0,0,1,
56,61,0,0,0,0,0,1,
56,62,0,0,0,0,0,1,
56,63,0,0,0,0,0,1,
57,1,0,0,0,0,0,1,
57,9,0,0,0,0,0,1,
57,15,0,0,0,0,0,1,
57,17,0,0,0,0,0,1,
57,22,0,0,0,0,0,1,
57,25,0,0,0,0,0,1,
57,29,0,0,0,0,0,1,
57,33,0,0,0,0,0,1,
57,36,0,0,0,0,0,1,
57,41,0,0,0,0,0,1,
57,43,0,0,0,0,0,1,
57,48,0,0,0,0,0,1,
57,49,0,0,0,0,0,1,
57,50,0,0,0,0,0,1,
57,56,0,0,0,0,0,1,
57,58,0,0,0,0,0,1,
57,59,0,0,0,0,0,1,
57,60,0,0,0,0,0,1,
57,61,0,0,0,0,0,1,
57,62,0,0,0,0,0,1,
57,63,0,0,0,0,0,1,
58,2,0,0,0,0,0,1,
58,10,0,0,0,0,0,1,
58,18,0,0,0,0,0,1,
58,23,0,0,0,0,0,1,
58,26,0,0,0,0,0,1,
58,30,0,0,0,0,0,1,
58,34,0,0,0,0,0,1,
58,37,0,0,0,0,0,1,
58,40,0,0,0,0,0,1,
58,42,0,0,0,0,0,1,
58,44,0,0,0,0,0,1,
58,49,0,0,0,0,0,1,
58,50,0,0,0,0,0,1,
58,51,0,0,0,0,0,1,
58,56,0,0,0,0,0,1,
58,57,0,0,0,0,0,1,
58,59,0,0,0,0,0,1,
58,60,0,0,0,0,0,1,
58,61,0,0,0,0,0,1,
58,62,0,0,0,0,0,1,
58,63,0,0,0,0,0,1,
59,3,0,0,0,0,0,1,
59,11,0,0,0,0,0,1,
59,19,0,0,0,0,0,1,
59,27,0,0,0,0,0,1,
59,31,0,0,0,0,0,1,
59,32,0,0,0,0,0,1,
59,35,0,0,0,0,0,1,
59,38,0,0,0,0,0,1,
59,41,0,0,0,0,0,1,
59,43,0,0,0,0,0,1,
59,45,0,0,0,0,0,1,
59,50,0,0,0,0,0,1,
59,51,0,0,0,0,0,1,
59,52,0,0,0,0,0,1,
59,56,0,0,0,0,0,1,
59,57,0,0,0,0,0,1,
59,58,0,0,0,0,0,1,
59,60,0,0,0,0,0,1,
59,61,0,0,0,0,0,1,
59,62,0,0,0,0,0,1,
59,63,0,0,0,0,0,1,
60,4,0,0,0,0,0,1,
60,12,0,0,0,0,0,1,
60,20,0,0,0,0,0,1,
60,24,0,0,0,0,0,1,
60,28,0,0,0,0,0,1,
60,33,0,0,0,0,0,1,
60,36,0,0,0,0,0,1,
60,39,0,0,0,0,0,1,
60,42,0,0,0,0,0,1,
60,44,0,0,0,0,0,1,
60,46,0,0,0,0,0,1,
60,51,0,0,0,0,0,1,
60,52,0,0,0,0,0,1,
60,53,0,0,0,0,0,1,
60,56,0,0,0,0,0,1,
60,57,0,0,0,0,0,1,
60,58,0,0,0,0,0,1,
60,59,0,0,0,0,0,1,
60,61,0,0,0,0,0,1,
60,62,0,0,0,0,0,1,
60,63,0,0,0,0,0,1,
61,5,0,0,0,0,0,1,
61,13,0,0,0,0,0,1,
61,16,0,0,0,0,0,1,
61,21,0,0,0,0,0,1,
61,25,0,0,0,0,0,1,
61,29,0,0,0,0,0,1,
61,34,0,0,0,0,0,1,
61,37,0,0,0,0,0,1,
61,43,0,0,0,0,0,1,
61,45,0,0,0,0,0,1,
61,47,0,0,0,0,0,1,
61,52,0,0,0,0,0,1,
61,53,0,0,0,0,0,1,
61,54,0,0,0,0,0,1,
61,56,0,0,0,0,0,1,
61,57,0,0,0,0,0,1,
61,58,0,0,0,0,0,1,
61,59,0,0,0,0,0,1,
61,60,0,0,0,0,0,1,
61,62,0,0,0,0,0,1,
61,63,0,0,0,0,0,1,
62,6,0,0,0,0,0,1,
62,8,0,0,0,0,0,1,
62,14,0,0,0,0,0,1,
62,17,0,0,0,0,0,1,
62,22,0,0,0,0,0,1,
62,26,0,0,0,0,0,1,
62,30,0,0,0,0,0,1,
62,35,0,0,0,0,0,1,
62,38,0,0,0,0,0,1,
62,44,0,0,0,0,0,1,
62,46,0,0,0,0,0,1,
62,53,0,0,0,0,0,1,
62,54,0,0,0,0,0,1,
62,55,0,0,0,0,0,1,
62,56,0,0,0,0,0,1,
62,57,0,0,0,0,0,1,
62,58,0,0,0,0,0,1,
62,59,0,0,0,0,0,1,
62,60,0,0,0,0,0,1,
62,61,0,0,0,0,0,1,
62,63,0,0,0,0,0,1,
63,0,0,0,0,0,0,1,
63,7,0,0,0,0,0,1,
63,9,0,0,0,0,0,1,
63,15,0,0,0,0,0,1,
63,18,0,0,0,0,0,1,
63,23,0,0,0,0,0,1,
63,27,0,0,0,0,0,1,
63,31,0,0,0,0,0,1,
63,36,0,0,0,0,0,1,
63,39,0,0,0,0,0,1,
63,45,0,0,0,0,0,1,
63,47,0,0,0,0,0,1,
63,54,0,0,0,0,0,1,
63,55,0,0,0,0,0,1,
63,56,0,0,0,0,0,1,
63,57,0,0,0,0,0,1,
63,58,0,0,0,0,0,1,
63,59,0,0,0,0,0,1,
63,60,0,0,0,0,0,1,
63,61,0,0,0,0,0,1,
63,62,0,0,0,0,0,1,
0,10,0,0,0,0,0,1,
0,17,0,0,0,0,0,1,
1,11,0,0,0,0,0,1,
1,16,0,0,0,0,0,1,
1,18,0,0,0,0,0,1,
2,8,0,0,0,0,0,1,
2,12,0,0,0,0,0,1,
2,17,0,0,0,0,0,1,
2,19,0,0,0,0,0,1,
3,9,0,0,0,0,0,1,
3,13,0,0,0,0,0,1,
3,18,0,0,0,0,0,1,
3,20,0,0,0,0,0,1,
4,10,0,0,0,0,0,1,
4,14,0,0,0,0,0,1,
4,19,0,0,0,0,0,1,
4,21,0,0,0,0,0,1,
5,11,0,0,0,0,0,1,
5,15,0,0,0,0,0,1,
5,20,0,0,0,0,0,1,
5,22,0,0,0,0,0,1,
6,12,0,0,0,0,0,1,
6,21,0,0,0,0,0,1,
6,23,0,0,0,0,0,1,
7,13,0,0,0,0,0,1,
7,22,0,0,0,0,0,1,
8,2,0,0,0,0,0,1,
8,18,0,0,0,0,0,1,
8,25,0,0,0,0,0,1,
9,3,0,0,0,0,0,1,
9,19,0,0,0,0,0,1,
9,24,0,0,0,0,0,1,
9,26,0,0,0,0,0,1,
10,0,0,0,0,0,0,1,
10,4,0,0,0,0,0,1,
10,16,0,0,0,0,0,1,
10,20,0,0,0,0,0,1,
10,25,0,0,0,0,0,1,
10,27,0,0,0,0,0,1,
11,1,0,0,0,0,0,1,
11,5,0,0,0,0,0,1,
11,17,0,0,0,0,0,1,
11,21,0,0,0,0,0,1,
11,26,0,0,0,0,0,1,
11,28,0,0,0,0,0,1,
12,2,0,0,0,0,0,1,
12,6,0,0,0,0,0,1,
12,18,0,0,0,0,0,1,
12,22,0,0,0,0,0,1,
12,27,0,0,0,0,0,1,
12,29,0,0,0,0,0,1,
13,3,0,0,0,0,0,1,
13,7,0,0,0,0,0,1,
13,19,0,0,0,0,0,1,
13,23,0,0,0,0,0,1,
13,28,0,0,0,0,0,1,
13,30,0,0,0,0,0,1,
14,4,0,0,0,0,0,1,
14,20,0,0,0,0,0,1,
14,29,0,0,0,0,0,1,
14,31,0,0,0,0,0,1,
15,5,0,0,0,0,0,1,
15,21,0,0,0,0,0,1,
15,30,0,0,0,0,0,1,
16,1,0,0,0,0,0,1,
16,10,0,0,0,0,0,1,
16,26,0,0,0,0,0,1,
16,33,0,0,0,0,0,1,
17,0,0,0,0,0,0,1,
17,2,0,0,0,0,0,1,
17,11,0,0,0,0,0,1,
17,27,0,0,0,0,0,1,
17,32,0,0,0,0,0,1,
17,34,0,0,0,0,0,1,
18,1,0,0,0,0,0,1,
18,3,0,0,0,0,0,1,
18,8,0,0,0,0,0,1,
18,12,0,0,0,0,0,1,
18,24,0,0,0,0,0,1,
18,28,0,0,0,0,0,1,
18,33,0,0,0,0,0,1,
18,35,0,0,0,0,0,1,
19,2,0,0,0,0,0,1,
19,4,0,0,0,0,0,1,
19,9,0,0,0,0,0,1,
19,13,0,0,0,0,0,1,
19,25,0,0,0,0,0,1,
19,29,0,0,0,0,0,1,
19,34,0,0,0,0,0,1,
19,36,0,0,0,0,0,1,
20,3,0,0,0,0,0,1,
20,5,0,0,0,0,0,1,
20,10,0,0,0,0,0,1,
20,14,0,0,0,0,0,1,
20,26,0,0,0,0,0,1,
20,30,0,0,0,0,0,1,
20,35,0,0,0,0,0,1,
20,37,0,0,0,0,0,1,
21,4,0,0,0,0,0,1,
21,6,0,0,0,0,0,1,
21,11,0,0,0,0,0,1,
21,15,0,0,0,0,0,1,
21,27,0,0,0,0,0,1,
21,31,0,0,0,0,0,1,
21,36,0,0,0,0,0,1,
21,38,0,0,0,0,0,1,
22,5,0,0,0,0,0,1,
22,7,0,0,0,0,0,1,
22,12,0,0,0,0,0,1,
22,28,0,0,0,0,0,1,
22,37,0,0,0,0,0,1,
22,39,0,0,0,0,0,1,
23,6,0,0,0,0,0,1,
23,13,0,0,0,0,0,1,
23,29,0,0,0,0,0,1,
23,38,0,0,0,0,0,1,
24,9,0,0,0,0,0,1,
24,18,0,0,0,0,0,1,
24,34,0,0,0,0,0,1,
24,41,0,0,0,0,0,1,
25,8,0,0,0,0,0,1,
25,10,0,0,0,0,0,1,
25,19,0,0,0,0,0,1,
25,35,0,0,0,0,0,1,
25,40,0,0,0,0,0,1,
25,42,0,0,0,0,0,1,
26,9,0,0,0,0,0,1,
26,11,0,0,0,0,0,1,
26,16,0,0,0,0,0,1,
26,20,0,0,0,0,0,1,
26,32,0,0,0,0,0,1,
26,36,0,0,0,0,0,1,
26,41,0,0,0,0,0,1,
26,43,0,0,0,0,0,1,
27,10,0,0,0,0,0,1,
27,12,0,0,0,0,0,1,
27,17,0,0,0,0,0,1,
27,21,0,0,0,0,0,1,
27,33,0,0,0,0,0,1,
27,37,0,0,0,0,0,1,
27,42,0,0,0,0,0,1,
27,44,0,0,0,0,0,1,
28,11,0,0,0,0,0,1,
28,13,0,0,0,0,0,1,
28,18,0,0,0,0,0,1,
28,22,0,0,0,0,0,1,
28,34,0,0,0,0,0,1,
28,38,0,0,0,0,0,1,
28,43,0,0,0,0,0,1,
28,45,0,0,0,0,0,1,
29,12,0,0,0,0,0,1,
29,14,0,0,0,0,0,1,
29,19,0,0,0,0,0,1,
29,23,0,0,0,0,0,1,
29,35,0,0,0,0,0,1,
29,39,0,0,0,0,0,1,
29,44,0,0,0,0,0,1,
29,46,0,0,0,0,0,1,
30,13,0,0,0,0,0,1,
30,15,0,0,0,0,0,1,
30,20,0,0,0,0,0,1,
30,36,0,0,0,0,0,1,
30,45,0,0,0,0,0,1,
30,47,0,0,0,0,0,1,
31,14,0,0,0,0,0,1,
31,21,0,0,0,0,0,1,
31,37,0,0,0,0,0,1,
31,46,0,0,0,0,0,1,
32,17,0,0,0,0,0,1,
32,26,0,0,0,0,0,1,
32,42,0,0,0,0,0,1,
32,49,0,0,0,0,0,1,
33,16,0,0,0,0,0,1,
33,18,0,0,0,0,0,1,
33,27,0,0,0,0,0,1,
33,43,0,0,0,0,0,1,
33,48,0,0,0,0,0,1,
33,50,0,0,0,0,0,1,
34,17,0,0,0,0,0,1,
34,19,0,0,0,0,0,1,
34,24,0,0,0,0,0,1,
34,28,0,0,0,0,0,1,
34,40,0,0,0,0,0,1,
34,44,0,0,0,0,0,1,
34,49,0,0,0,0,0,1,
34,51,0,0,0,0,0,1,
35,18,0,0,0,0,0,1,
35,20,0,0,0,0,0,1,
35,25,0,0,0,0,0,1,
35,29,0,0,0,0,0,1,
35,41,0,0,0,0,0,1,
35,45,0,0,0,0,0,1,
35,50,0,0,0,0,0,1,
35,52,0,0,0,0,0,1,
36,19,0,0,0,0,0,1,
36,21,0,0,0,0,0,1,
36,26,0,0,0,0,0,1,
36,30,0,0,0,0,0,1,
36,42,0,0,0,0,0,1,
36,46,0,0,0,0,0,1,
36,51,0,0,0,0,0,1,
36,53,0,0,0,0,0,1,
37,20,0,0,0,0,0,1,
37,22,0,0,0,0,0,1,
37,27,0,0,0,0,0,1,
37,31,0,0,0,0,0,1,
37,43,0,0,0,0,0,1,
37,47,0,0,0,0,0,1,
37,52,0,0,0,0,0,1,
37,54,0,0,0,0,0,1,
38,21,0,0,0,0,0,1,
38,23,0,0,0,0,0,1,
38,28,0,0,0,0,0,1,
38,44,0,0,0,0,0,1,
38,53,0,0,0,0,0,1,
38,55,0,0,0,0,0,1,
39,22,0,0,0,0,0,1,
39,29,0,0,0,0,0,1,
39,45,0,0,0,0,0,1,
39,54,0,0,0,0,0,1,
40,25,0,0,0,0,0,1,
40,34,0,0,0,0,0,1,
40,50,0,0,0,0,0,1,
40,57,0,0,0,0,0,1,
41,24,0,0,0,0,0,1,
41,26,0,0,0,0,0,1,
41,35,0,0,0,0,0,1,
41,51,0,0,0,0,0,1,
41,56,0,0,0,0,0,1,
41,58,0,0,0,0,0,1,
42,25,0,0,0,0,0,1,
42,27,0,0,0,0,0,1,
42,32,0,0,0,0,0,1,
42,36,0,0,0,0,0,1,
42,48,0,0,0,0,0,1,
42,52,0,0,0,0,0,1,
42,57,0,0,0,0,0,1,
42,59,0,0,0,0,0,1,
43,26,0,0,0,0,0,1,
43,28,0,0,0,0,0,1,
43,33,0,0,0,0,0,1,
43,37,0,0,0,0,0,1,
43,49,0,0,0,0,0,1,
43,53,0,0,0,0,0,1,
43,58,0,0,0,0,0,1,
43,60,0,0,0,0,0,1,
44,27,0,0,0,0,0,1,
44,29,0,0,0,0,0,1,
44,34,0,0,0,0,0,1,
44,38,0,0,0,0,0,1,
44,50,0,0,0,0,0,1,
44,54,0,0,0,0,0,1,
44,59,0,0,0,0,0,1,
44,61,0,0,0,0,0,1,
45,28,0,0,0,0,0,1,
45,30,0,0,0,0,0,1,
45,35,0,0,0,0,0,1,
45,39,0,0,0,0,0,1,
45,51,0,0,0,0,0,1,
45,55,0,0,0,0,0,1,
45,60,0,0,0,0,0,1,
45,62,0,0,0,0,0,1,
46,29,0,0,0,0,0,1,
46,31,0,0,0,0,0,1,
46,36,0,0,0,0,0,1,
46,52,0,0,0,0,0,1,
46,61,0,0,0,0,0,1,
46,63,0,0,0,0,0,1,
47,30,0,0,0,0,0,1,
47,37,0,0,0,0,0,1,
47,53,0,0,0,0,0,1,
47,62,0,0,0,0,0,1,
48,33,0,0,0,0,0,1,
48,42,0,0,0,0,0,1,
48,58,0,0,0,0,0,1,
49,32,0,0,0,0,0,1,
49,34,0,0,0,0,0,1,
49,43,0,0,0,0,0,1,
49,59,0,0,0,0,0,1,
50,33,0,0,0,0,0,1,
50,35,0,0,0,0,0,1,
50,40,0,0,0,0,0,1,
50,44,0,0,0,0,0,1,
50,56,0,0,0,0,0,1,
50,60,0,0,0,0,0,1,
51,34,0,0,0,0,0,1,
51,36,0,0,0,0,0,1,
51,41,0,0,0,0,0,1,
51,45,0,0,0,0,0,1,
51,57,0,0,0,0,0,1,
51,61,0,0,0,0,0,1,
52,35,0,0,0,0,0,1,
52,37,0,0,0,0,0,1,
52,42,0,0,0,0,0,1,
52,46,0,0,0,0,0,1,
52,58,0,0,0,0,0,1,
52,62,0,0,0,0,0,1,
53,36,0,0,0,0,0,1,
53,38,0,0,0,0,0,1,
53,43,0,0,0,0,0,1,
53,47,0,0,0,0,0,1,
53,59,0,0,0,0,0,1,
53,63,0,0,0,0,0,1,
54,37,0,0,0,0,0,1,
54,39,0,0,0,0,0,1,
54,44,0,0,0,0,0,1,
54,60,0,0,0,0,0,1,
55,38,0,0,0,0,0,1,
55,45,0,0,0,0,0,1,
55,61,0,0,0,0,0,1,
56,41,0,0,0,0,0,1,
56,50,0,0,0,0,0,1,
57,40,0,0,0,0,0,1,
57,42,0,0,0,0,0,1,
57,51,0,0,0,0,0,1,
58,41,0,0,0,0,0,1,
58,43,0,0,0,0,0,1,
58,48,0,0,0,0,0,1,
58,52,0,0,0,0,0,1,
59,42,0,0,0,0,0,1,
59,44,0,0,0,0,0,1,
59,49,0,0,0,0,0,1,
59,53,0,0,0,0,0,1,
60,43,0,0,0,0,0,1,
60,45,0,0,0,0,0,1,
60,50,0,0,0,0,0,1,
60,54,0,0,0,0,0,1,
61,44,0,0,0,0,0,1,
61,46,0,0,0,0,0,1,
61,51,0,0,0,0,0,1,
61,55,0,0,0,0,0,1,
62,45,0,0,0,0,0,1,
62,47,0,0,0,0,0,1,
62,52,0,0,0,0,0,1,
63,46,0,0,0,0,0,1,
63,53,0,0,0,0,0,1,
48,56,0,1,0,0,0,0,
48,57,0,1,0,0,0,0,
49,56,0,1,0,0,0,0,
49,57,0,1,0,0,0,0,
49,58,0,1,0,0,0,0,
50,57,0,1,0,0,0,0,
50,58,0,1,0,0,0,0,
50,59,0,1,0,0,0,0,
51,58,0,1,0,0,0,0,
51,59,0,1,0,0,0,0,
51,60,0,1,0,0,0,0,
52,59,0,1,0,0,0,0,
52,60,0,1,0,0,0,0,
52,61,0,1,0,0,0,0,
53,60,0,1,0,0,0,0,
53,61,0,1,0,0,0,0,
53,62,0,1,0,0,0,0,
54,61,0,1,0,0,0,0,
54,62,0,1,0,0,0,0,
54,63,0,1,0,0,0,0,
55,62,0,1,0,0,0,0,
55,63,0,1,0,0,0,0,
48,56,0,0,1,0,0,0,
48,57,0,0,1,0,0,0,
49,56,0,0,1,0,0,0,
49,57,0,0,1,0,0,0,
49,58,0,0,1,0,0,0,
50,57,0,0,1,0,0,0,
50,58,0,0,1,0,0,0,
50,59,0,0,1,0,0,0,
51,58,0,0,1,0,0,0,
51,59,0,0,1,0,0,0,
51,60,0,0,1,0,0,0,
52,59,0,0,1,0,0,0,
52,60,0,0,1,0,0,0,
52,61,0,0,1,0,0,0,
53,60,0,0,1,0,0,0,
53,61,0,0,1,0,0,0,
53,62,0,0,1,0,0,0,
54,61,0,0,1,0,0,0,
54,62,0,0,1,0,0,0,
54,63,0,0,1,0,0,0,
55,62,0,0,1,0,0,0,
55,63,0,0,1,0,0,0,
48,56,0,0,0,1,0,0,
48,57,0,0,0,1,0,0,
49,56,0,0,0,1,0,0,
49,57,0,0,0,1,0,0,
49,58,0,0,0,1,0,0,
50,57,0,0,0,1,0,0,
50,58,0,0,0,1,0,0,
50,59,0,0,0,1,0,0,
51,58,0,0,0,1,0,0,
51,59,0,0,0,1,0,0,
51,60,0,0,0,1,0,0,
52,59,0,0,0,1,0,0,
52,60,0,0,0,1,0,0,
52,61,0,0,0,1,0,0,
53,60,0,0,0,1,0,0,
53,61,0,0,0,1,0,0,
53,62,0,0,0,1,0,0,
54,61,0,0,0,1,0,0,
54,62,0,0,0,1,0,0,
54,63,0,0,0,1,0,0,
55,62,0,0,0,1,0,0,
55,63,0,0,0,1,0,0,
48,56,0,0,0,0,1,0,
48,57,0,0,0,0,1,0,
49,56,0,0,0,0,1,0,
49,57,0,0,0,0,1,0,
49,58,0,0,0,0,1,0,
50,57,0,0,0,0,1,0,
50,58,0,0,0,0,1,0,
50,59,0,0,0,0,1,0,
51,58,0,0,0,0,1,0,
51,59,0,0,0,0,1,0,
51,60,0,0,0,0,1,0,
52,59,0,0,0,0,1,0,
52,60,0,0,0,0,1,0,
52,61,0,0,0,0,1,0,
53,60,0,0,0,0,1,0,
53,61,0,0,0,0,1,0,
53,62,0,0,0,0,1,0,
54,61,0,0,0,0,1,0,
54,62,0,0,0,0,1,0,
54,63,0,0,0,0,1,0,
55,62,0,0,0,0,1,0,
55,63,0,0,0,0,1,0,
